		X		Y		Z
		----	----	----
A1		0		204.0	-15.0
A2      0		191.6	41.7
A3      -45.7	156.8	58.9
A4      45.8	156.8	59.0
A5      -0.6	138.4	78.6
A6      -65.1	99.7	52.2
A7      -0.6	107.1	76.8
A8		63.3	99.6	56.1
A9      -47.2	64.5	71.9
A10     -0.5	61.1	83.4
A11     47.2	64.5	71.9
A12     0.6		36.6	78.4
A13		-72.4	100.2	8.0
A14		72.4	100.2	8.0
A15		56.7	152.9	-87.1
A16		0.55	151.9	-110.4
A17		-56.7	152.9	-87.1
A18		56.1	100.3	-102.1
A19		0.6		100.6	-119.8
A20		-56.1	100.3	-102.1
A21		56.6	71.6	-93.3
A22		-56.4	71.7	-93.2