		X		Y		Z
		----	----	----
B1		0.0		0.0		0.0
B2	    0.0		0.0		0.0
B3	    0.0		0.0		0.0
B4	    0.0		0.0		0.0
B5	    0.0		0.0		0.0
B6	    0.0		0.0		0.0
B7	    0.0		0.0		0.0
B8		0.0		0.0		0.0
B9      0.0		0.0		0.0
B10     0.0		0.0		0.0
B11     0.0		0.0		0.0
B12     0.0		0.0		0.0
B13     0.0		0.0		0.0
B14     0.0		0.0		0.0
B15     0.0		0.0		0.0
B16     0.0		0.0		0.0
B17     0.0		0.0		0.0
B18     0.0		0.0		0.0
B19     0.0		0.0		0.0
B20     0.0		0.0		0.0
B21     0.0		0.0		0.0
B22		0.0		0.0		0.0
B24		0.0		0.0		0.0
B25		0.0		0.0		0.0
B26		0.0		0.0		0.0
B27		0.0		0.0		0.0
B28		0.0		0.0		0.0
B30		0.0		0.0		0.0