nodenumber     x-coordinate     y-coordinate     z-coordinate         pressure 
         1 -9.472122043E-02  1.349434815E-02  2.676740587E-01 -1.308844915E+02 
         2 -9.872180416E-02  1.242239663E-02  2.676761282E-01 -1.428272048E+02 
         3 -1.058373222E-01  1.051580251E-02  2.676798161E-01 -1.386981879E+02 
         4 -1.128477957E-01  8.637355048E-03  2.676834424E-01 -1.262858369E+02 
         5 -1.124977465E-01  7.375843576E-03  2.679125860E-01 -1.160878311E+02 
         6 -1.053411610E-01  8.738458267E-03  2.680027922E-01 -1.112265198E+02 
         7 -1.196674507E-01  6.897784121E-03  2.681711687E-01 -1.216588125E+02 
         8 -9.758554633E-02  9.133139319E-03  2.682836136E-01 -1.063202614E+02 
         9 -1.193293416E-01  5.651468151E-03  2.683446379E-01 -1.216500171E+02 
        10 -9.438723176E-02  9.607290422E-03  2.683467362E-01 -1.053390555E+02 
        11 -1.078952578E-01  5.741100314E-03  2.683954851E-01 -1.135700166E+02 
        12 -1.153570009E-01  4.088724074E-03  2.684625333E-01 -1.175480587E+02 
        13 -9.899486354E-02  7.296083360E-03  2.685312886E-01 -1.051003763E+02 
        14 -1.076067351E-01  3.845622766E-03  2.687291397E-01 -1.097625140E+02 
        15 -1.147747798E-01  1.784879145E-03  2.688774121E-01 -1.169815552E+02 
        16 -1.054175734E-01  2.475681327E-03  2.690590616E-01 -1.059061895E+02 
        17 -9.886145886E-02  3.498815221E-03  2.691797900E-01 -1.015185289E+02 
        18 -1.032734277E-01  1.133910326E-03  2.693822009E-01 -1.021499963E+02 
        19 -1.070180088E-01  1.727468998E-06  2.694059312E-01 -1.094689897E+02 
        20 -1.104617224E-01 -9.210117229E-04  2.694077221E-01 -1.175875362E+02 
        21 -1.195360759E-01  7.166213185E-03  2.694580790E-01 -1.246250309E+02 
        22 -1.221993763E-01  2.546341684E-03  2.695569328E-01 -1.281652594E+02 
        23 -1.129296915E-01  8.991436075E-03  2.697584368E-01 -1.358755130E+02 
        24 -9.594632737E-02  8.444316685E-04  2.697595851E-01 -9.915429293E+01 
        25 -9.388075530E-02  9.424256831E-04  2.698355836E-01 -9.946268014E+01 
        26 -1.059165916E-01  1.088959672E-02  2.698597082E-01 -1.568935759E+02 
        27 -1.175633854E-01 -2.727338725E-03  2.699442098E-01 -1.230125706E+02 
        28 -1.215750002E-01  1.186337426E-04  2.699910161E-01 -1.298588742E+02 
        29 -1.060961393E-01 -3.437540423E-03  2.700292074E-01 -1.014041290E+02 
        30 -1.042278927E-01 -3.121194351E-03  2.700594156E-01 -1.006707791E+02 
        31 -1.261618077E-01  5.512264890E-03  2.701314723E-01 -1.256734189E+02 
        32 -1.258671021E-01  4.299788159E-03  2.702852282E-01 -1.276511642E+02 
        33 -1.012335577E-01 -5.486383740E-03  2.705938338E-01 -9.943090683E+01 
        34 -9.783952205E-02 -4.843542979E-03  2.706371802E-01 -9.859641562E+01 
        35 -9.862728353E-02  1.302594869E-02  2.708667977E-01 -1.656979391E+02 
        36 -9.533655212E-02  1.395853533E-02  2.711456321E-01 -1.494435888E+02 
        37 -1.151410000E-01  8.666408532E-03  2.712356205E-01 -1.272409259E+02 
        38 -9.345939447E-02 -7.897083871E-03  2.713501788E-01 -9.986684480E+01 
        39 -1.041308752E-01 -1.076944061E-02  2.713579103E-01 -1.006477414E+02 
        40 -1.026997124E-01 -1.040320998E-02  2.713600859E-01 -1.002963627E+02 
        41 -9.981506971E-02 -1.260224037E-02  2.718614623E-01 -1.009547319E+02 
        42 -1.086669348E-01  1.051653495E-02  2.718691186E-01 -1.455442319E+02 
        43 -1.254289371E-01  6.025872713E-03  2.718816380E-01 -1.292111294E+02 
        44 -9.693390320E-02 -1.208890021E-02  2.719037342E-01 -1.004793602E+02 
        45 -1.218893237E-01  6.995915768E-03  2.719990314E-01 -1.280480892E+02 
        46 -1.240943496E-01 -4.098335808E-03  2.720387767E-01 -1.365146287E+02 
        47 -1.002361144E-01  1.285692157E-02  2.723136964E-01 -1.526192383E+02 
        48 -1.284411060E-01  1.409147877E-03  2.725343305E-01 -1.277126221E+02 
        49 -1.022376150E-01 -1.783271479E-02  2.726379188E-01 -1.031155637E+02 
        50 -9.273319067E-02 -1.635022567E-02  2.728130556E-01 -1.019552860E+02 
        51 -1.277696302E-01 -1.013051550E-03  2.729441931E-01 -1.369889428E+02 
        52 -9.686383775E-02 -2.015101939E-02  2.732710386E-01 -1.030217398E+02 
        53 -9.651630778E-02 -2.373962985E-02  2.738938394E-01 -1.034263471E+02 
        54 -1.003742122E-01 -2.478461439E-02  2.738977501E-01 -1.054283909E+02 
        55 -1.318847002E-01  4.672665901E-03  2.739631650E-01 -1.294676471E+02 
        56 -9.531276737E-02 -2.481117965E-02  2.741290963E-01 -9.587219315E+01 
        57 -1.315975032E-01  3.388518843E-03  2.741331181E-01 -1.251820586E+02 
        58 -1.268806798E-01  6.049530434E-03  2.741594535E-01 -1.330683998E+02 
        59 -9.166068331E-02 -2.422140074E-02  2.741929816E-01 -9.096597149E+01 
        60 -1.311384449E-01  5.028961940E-03  2.748254707E-01 -1.358720689E+02 
        61 -1.006209717E-01  1.322322644E-02  2.749042546E-01 -1.381101056E+02 
        62 -9.519093825E-02 -3.082413030E-02  2.751519942E-01 -8.047676604E+01 
        63 -9.847529741E-02 -3.186898300E-02  2.751815917E-01 -1.036977939E+02 
        64 -9.343144239E-02 -3.237864451E-02  2.754938897E-01 -5.835932924E+01 
        65 -9.022695499E-02 -3.171008033E-02  2.755243865E-01 -4.974528485E+01 
        66 -1.159366536E-01  9.259237420E-03  2.756837767E-01 -1.373797478E+02 
        67 -9.758204967E-02 -3.520145640E-02  2.757855058E-01 -8.207525412E+01 
        68 -1.009971459E-01 -3.611652580E-02  2.757872676E-01 -8.022895811E+01 
        69 -9.350574841E-02 -3.527334548E-02  2.759803681E-01 -4.865061451E+01 
        70 -9.351714335E-02 -3.571725461E-02  2.760549696E-01 -5.001173563E+01 
        71 -1.298344182E-01 -4.908259639E-03  2.760596179E-01 -1.406552729E+02 
        72 -8.942944714E-02 -3.534523456E-02  2.761752304E-01 -2.487494738E+01 
        73 -9.571428751E-02 -3.747843403E-02  2.762544969E-01 -6.422624233E+01 
        74 -1.089725439E-01  1.123301356E-02  2.762747588E-01 -1.401944122E+02 
        75 -1.080794816E-01 -3.791675945E-02  2.763287798E-01 -6.158435901E+01 
        76 -9.734350142E-02 -3.878437433E-02  2.764024469E-01 -7.891495927E+01 
        77 -1.038838244E-01 -4.065364119E-02  2.765654392E-01 -7.844743078E+01 
        78 -1.200158873E-01  8.335058461E-03  2.766176070E-01 -1.362293224E+02 
        79 -8.838246243E-02 -3.915213971E-02  2.768663134E-01 -4.557814578E+01 
        80 -9.675405669E-02 -4.169710269E-02  2.769217134E-01 -8.627595444E+01 
        81 -1.032404691E-01 -4.311519064E-02  2.770119885E-01 -1.055863360E+02 
        82 -1.335489931E-01  8.692136892E-04  2.772630439E-01 -1.285616607E+02 
        83 -9.898607993E-02 -4.466378145E-02  2.773260958E-01 -1.076321723E+02 
        84 -9.146395187E-02 -4.298234644E-02  2.773762912E-01 -7.171267738E+01 
        85 -8.741371334E-02 -4.267457500E-02  2.775057554E-01 -7.829576014E+01 
        86 -9.142099590E-02 -4.374832166E-02  2.775078229E-01 -9.262501365E+01 
        87 -9.872888329E-02 -4.570589817E-02  2.775147175E-01 -1.017645543E+02 
        88 -1.328973436E-01 -1.553172970E-03  2.776674709E-01 -1.355731070E+02 
        89 -1.105412750E-01 -4.222597969E-02  2.777440464E-01 -4.903385599E+01 
        90 -1.060311609E-01 -4.631783549E-02  2.778148173E-01 -9.934482017E+01 
        91 -1.057268129E-01 -4.748040787E-02  2.780733423E-01 -8.904776004E+01 
        92 -1.059432815E-01  1.237633484E-02  2.781031916E-01 -1.397981713E+02 
        93 -1.099007784E-01 -4.467096330E-02  2.781830769E-01 -7.311641925E+01 
        94 -1.253794820E-01  7.211044237E-03  2.783484174E-01 -1.401994898E+02 
        95 -1.129651543E-01  1.054256517E-02  2.783702188E-01 -1.413442011E+02 
        96 -9.821967460E-02  1.450546215E-02  2.784280545E-01 -1.350306361E+02 
        97 -1.146689765E-01 -3.930010616E-02  2.784417860E-01 -3.689580222E+01 
        98 -9.641801270E-02  1.500883091E-02  2.785408833E-01 -1.340559208E+02 
        99 -1.319839384E-01  5.504405878E-03  2.786995965E-01 -1.395226724E+02 
       100 -1.214644654E-01  8.339945446E-03  2.787871579E-01 -1.433267019E+02 
       101 -1.362910063E-01  4.466840442E-03  2.793447330E-01 -1.342211161E+02 
       102 -1.360089999E-01  3.135181142E-03  2.795396167E-01 -1.271963353E+02 
       103 -1.125949292E-01 -4.764188394E-02  2.799293280E-01 -6.330122024E+01 
       104 -1.133166487E-01  1.075235263E-02  2.800477467E-01 -1.452451131E+02 
       105 -9.882156914E-02 -4.526382371E-02  2.800912319E-01 -9.712134948E+01 
       106 -1.122475636E-01 -4.884287226E-02  2.801998898E-01 -5.902517784E+01 
       107 -1.346883943E-01  5.067879499E-03  2.802909305E-01 -1.424345035E+02 
       108 -1.054544153E-01 -4.698484730E-02  2.804050081E-01 -7.042791663E+01 
       109 -1.166893393E-01 -4.332067417E-02  2.807755787E-01 -3.248535255E+01 
       110 -1.279514322E-01  6.981591632E-03  2.808864323E-01 -1.427876493E+02 
       111 -9.143134108E-02 -4.309684712E-02  2.811180506E-01 -1.099780492E+02 
       112 -1.117985196E-01 -4.854354284E-02  2.811874528E-01 -4.963229078E+01 
       113 -1.160127423E-01 -4.577730000E-02  2.812022716E-01 -4.404503682E+01 
       114 -8.790216640E-02 -4.212828941E-02  2.812427027E-01 -1.057247281E+02 
       115 -1.342114455E-01 -5.065233199E-03  2.816674667E-01 -1.347371909E+02 
       116 -1.015144638E-01 -4.565170815E-02  2.819338829E-01 -8.810424385E+01 
       117 -1.078583062E-01 -4.732211473E-02  2.820995029E-01 -6.147630865E+01 
       118 -1.053897165E-01  1.326184824E-02  2.821707909E-01 -1.378685321E+02 
       119 -9.282695930E-02 -4.324445351E-02  2.823677891E-01 -1.105077181E+02 
       120 -1.204163911E-01 -4.011089899E-02  2.824687045E-01 -3.260723061E+01 
       121 -1.005971498E-01  1.467998079E-02  2.829075807E-01 -1.343152090E+02 
       122 -1.202915314E-01  9.403708338E-03  2.829222630E-01 -1.521328053E+02 
       123 -1.347397067E-01  5.601184672E-03  2.833096717E-01 -1.443155895E+02 
       124 -1.179219114E-01  1.012263757E-02  2.833845191E-01 -1.514132248E+02 
       125 -1.371039353E-01  9.230907102E-04  2.834344850E-01 -1.153753574E+02 
       126 -1.363829731E-01 -1.486326829E-03  2.836540626E-01 -9.707095974E+01 
       127 -1.182245314E-01 -4.844499071E-02  2.839295331E-01 -4.384200544E+01 
       128 -1.279031097E-01  7.592782929E-03  2.841875901E-01 -1.521992202E+02 
       129 -1.178660057E-01 -4.962580867E-02  2.841897499E-01 -4.415827593E+01 
       130 -1.137231846E-01 -4.849612500E-02  2.842958790E-01 -4.506327787E+01 
       131 -1.359087527E-01 -4.980455618E-03  2.846457660E-01 -1.024352428E+02 
       132 -1.172330152E-01 -4.933224361E-02  2.848734309E-01 -4.214983515E+01 
       133 -1.099767808E-01  1.254365183E-02  2.849923954E-01 -1.455905526E+02 
       134 -1.079311126E-01  1.313655544E-02  2.852383767E-01 -1.411587299E+02 
       135 -1.350031210E-01 -8.359132552E-03  2.852580454E-01 -8.899747704E+01 
       136 -1.216566299E-01 -4.373409688E-02  2.853861737E-01 -3.757916738E+01 
       137 -9.694764955E-02  1.615557535E-02  2.856521613E-01 -1.308509284E+02 
       138 -9.922129743E-02  1.554809105E-02  2.856629158E-01 -1.324256763E+02 
       139 -1.368580814E-01 -2.814728790E-03  2.857844756E-01 -7.729920344E+01 
       140 -1.389482352E-01  4.921802302E-03  2.857855580E-01 -1.265358855E+02 
       141 -1.305694364E-01  7.180925541E-03  2.858586616E-01 -1.498029616E+02 
       142 -1.209532006E-01 -4.634379284E-02  2.858740440E-01 -4.333582273E+01 
       143 -1.377409927E-01  5.291616703E-03  2.860406172E-01 -1.449907493E+02 
       144 -1.385741024E-01  3.164815227E-03  2.860788684E-01 -1.007641243E+02 
       145 -9.334990030E-02 -4.270697912E-02  2.861071227E-01 -1.198195178E+02 
       146 -1.236331506E-01  9.111927232E-03  2.862547498E-01 -1.584806666E+02 
       147 -1.330763606E-01 -1.554739558E-02  2.865606966E-01 -7.019464329E+01 
       148 -1.016170101E-01 -4.474713565E-02  2.870771048E-01 -1.002086329E+02 
       149 -1.354093056E-01 -8.272335100E-03  2.872712226E-01 -5.335938994E+01 
       150 -1.080948516E-01 -4.641950822E-02  2.874300760E-01 -6.980727973E+01 
       151 -1.311845565E-01 -2.260524174E-02  2.878397312E-01 -5.515335641E+01 
       152 -1.114631366E-01 -4.721471299E-02  2.880240498E-01 -5.904590300E+01 
       153 -1.247732354E-01 -4.026755665E-02  2.880484387E-01 -4.603133313E+01 
       154 -1.334716115E-01 -1.537222417E-02  2.882276873E-01 -4.171592539E+01 
       155 -1.149142276E-01  1.181229778E-02  2.882596417E-01 -1.517735289E+02 
       156 -1.369143540E-01 -4.260503389E-03  2.884872996E-01 -6.297347926E+01 
       157 -1.178180082E-01 -4.880776252E-02  2.886328459E-01 -4.587967351E+01 
       158 -1.234610979E-01  9.595959023E-03  2.886712217E-01 -1.648313049E+02 
       159 -9.870575783E-02 -4.365727998E-02  2.887850514E-01 -1.188130150E+02 
       160 -1.292965308E-01 -2.964898837E-02  2.891162117E-01 -4.619548651E+01 
       161 -1.058027181E-01 -4.549780237E-02  2.891258860E-01 -8.839195520E+01 
       162 -1.012167688E-01  1.566822986E-02  2.892773459E-01 -1.342511808E+02 
       163 -1.314672355E-01  7.560114875E-03  2.892790047E-01 -1.553371518E+02 
       164 -1.224466150E-01 -4.853813570E-02  2.893483955E-01 -4.793665947E+01 
       165 -1.061126637E-01  1.439182305E-02  2.894754543E-01 -1.407230505E+02 
       166 -8.865685068E-02 -4.081587086E-02  2.896010405E-01 -1.231927169E+02 
       167 -1.220687489E-01 -4.977159285E-02  2.896015474E-01 -4.562846448E+01 
       168 -1.316169448E-01 -2.239580720E-02  2.896371073E-01 -3.371358881E+01 
       169 -1.363844251E-01  6.319895366E-03  2.897082999E-01 -1.479031630E+02 
       170 -1.350970030E-01 -1.113677015E-02  2.900382176E-01 -4.475431231E+01 
       171 -1.153896669E-01  1.201200732E-02  2.900648851E-01 -1.549924534E+02 
       172 -1.386416135E-01  1.574933085E-03  2.901842141E-01 -8.116405482E+01 
       173 -1.273711552E-01 -3.683209872E-02  2.904179398E-01 -5.437610899E+01 
       174 -1.205360100E-01 -4.920717179E-02  2.904490326E-01 -4.669005619E+01 
       175 -1.374311635E-01 -2.981864736E-03  2.905894105E-01 -6.209166802E+01 
       176 -1.135641982E-01 -4.728619484E-02  2.907372681E-01 -5.827742739E+01 
       177 -1.250485079E-01 -4.337009976E-02  2.908355214E-01 -4.773916671E+01 
       178 -1.297575214E-01 -2.941774986E-02  2.910046667E-01 -3.273148174E+01 
       179 -1.264728010E-01 -4.018364102E-02  2.910253108E-01 -5.091360471E+01 
       180 -1.330849573E-01 -1.860682491E-02  2.911569756E-01 -3.618511091E+01 
       181 -1.240100701E-01 -4.669310709E-02  2.911706507E-01 -4.918766676E+01 
       182 -1.191301589E-01  1.127302721E-02  2.915196363E-01 -1.627705146E+02 
       183 -1.300796285E-01  8.370834211E-03  2.917002593E-01 -1.644957816E+02 
       184 -1.266885345E-01  9.329363810E-03  2.919738030E-01 -1.686230742E+02 
       185 -1.278779091E-01 -3.644009631E-02  2.923313837E-01 -3.967149798E+01 
       186 -1.312302082E-01 -2.556305439E-02  2.924487769E-01 -3.218733674E+01 
       187 -1.378481433E-01  6.428042785E-03  2.924700464E-01 -1.505038126E+02 
       188 -9.686020238E-02  1.741882775E-02  2.924936110E-01 -1.316764868E+02 
       189 -1.395950865E-01  5.993455066E-03  2.926558278E-01 -1.249754265E+02 
       190 -9.927753996E-02  1.681547432E-02  2.927396941E-01 -1.331597382E+02 
       191 -1.354401975E-01 -1.088520948E-02  2.928536057E-01 -3.304903518E+01 
       192 -1.391217609E-01  3.854048598E-03  2.930489512E-01 -8.869498302E+01 
       193 -1.080119868E-01  1.453034405E-02  2.930491099E-01 -1.454818189E+02 
       194 -1.203845852E-01 -4.868353005E-02  2.931145863E-01 -5.360538105E+01 
       195 -1.133797874E-01 -4.676633697E-02  2.933331446E-01 -7.201864687E+01 
       196 -1.293867211E-01 -3.240073366E-02  2.936601551E-01 -3.382198519E+01 
       197 -1.121302625E-01  1.355796483E-02  2.937747131E-01 -1.516384265E+02 
       198 -1.063395483E-01 -4.478092634E-02  2.938757230E-01 -1.028932550E+02 
       199 -1.265067906E-01 -4.187892201E-02  2.941057298E-01 -4.568642878E+01 
       200 -1.268004655E-01 -4.102885414E-02  2.942959847E-01 -4.427656625E+01 
       201 -1.369050843E-01 -4.285155439E-03  2.945029497E-01 -5.540389827E+01 
       202 -9.845082180E-02 -4.254100022E-02  2.945677568E-01 -1.313025540E+02 
       203 -1.275447596E-01 -3.899604092E-02  2.947467424E-01 -4.160333023E+01 
       204 -1.319380936E-01  8.425638294E-03  2.947515199E-01 -1.645726244E+02 
       205 -1.334955255E-01 -1.795613639E-02  2.947943801E-01 -3.239100498E+01 
       206 -1.361322859E-01  7.344393056E-03  2.949886698E-01 -1.561967177E+02 
       207 -1.359756254E-01 -7.631638807E-03  2.952580419E-01 -4.152518973E+01 
       208 -1.167303952E-01 -4.730161053E-02  2.953353006E-01 -6.826552106E+01 
       209 -1.099437979E-01 -4.544087329E-02  2.955650718E-01 -9.450839980E+01 
       210 -1.248341843E-01 -4.820177269E-02  2.957067384E-01 -5.230347789E+01 
       211 -9.367274350E-02 -4.102775794E-02  2.958507923E-01 -1.390206791E+02 
       212 -1.245223215E-01 -4.928682890E-02  2.959056089E-01 -5.508647181E+01 
       213 -1.342334558E-01 -1.481546382E-02  2.959895526E-01 -2.734554211E+01 
       214 -1.234205713E-01 -4.895251156E-02  2.961208214E-01 -5.983389289E+01 
       215 -1.008568290E-01  1.703736175E-02  2.963000115E-01 -1.376876360E+02 
       216 -1.316563551E-01 -2.490084484E-02  2.963121201E-01 -3.173369012E+01 
       217 -1.206209247E-01  1.175544476E-02  2.963866633E-01 -1.645499026E+02 
       218 -1.250608037E-01  1.059708203E-02  2.965616692E-01 -1.689692206E+02 
       219 -1.018899321E-01 -4.306234831E-02  2.967776598E-01 -1.286036601E+02 
       220 -1.381369774E-01  2.745011717E-03  2.968323283E-01 -9.683288890E+01 
       221 -1.052757986E-01  1.597785993E-02  2.969896091E-01 -1.454378787E+02 
       222 -1.260087692E-01 -4.552930688E-02  2.975477121E-01 -5.140938099E+01 
       223 -1.369933943E-01 -1.433499402E-03  2.976132868E-01 -7.924402831E+01 
       224 -1.325247126E-01 -2.106693742E-02  2.976966554E-01 -2.913706152E+01 
       225 -1.298088794E-01 -3.172157361E-02  2.978247785E-01 -3.822740336E+01 
       226 -1.138495542E-01  1.386664604E-02  2.980210496E-01 -1.536526243E+02 
       227 -1.307338566E-01  9.361567443E-03  2.981349199E-01 -1.684880165E+02 
       228 -8.860787719E-02 -3.916374633E-02  2.986452375E-01 -1.404456348E+02 
       229 -1.173617630E-01 -4.684446475E-02  2.987917397E-01 -8.258187505E+01 
       230 -1.280442704E-01 -3.832471333E-02  2.988103118E-01 -4.636976515E+01 
       231 -1.187753349E-01  1.270879843E-02  2.989175913E-01 -1.588313758E+02 
       232 -1.373035240E-01  7.742657561E-03  2.989187185E-01 -1.666137863E+02 
       233 -9.186627665E-02 -3.998085632E-02  2.989558001E-01 -1.452158327E+02 
       234 -1.270186758E-01  1.051988826E-02  2.990315819E-01 -1.687752117E+02 
       235 -9.612926745E-02  1.880322567E-02  2.990517735E-01 -1.421038873E+02 
       236 -1.306652813E-01 -2.798883922E-02  2.991508652E-01 -3.677427673E+01 
       237 -1.262258964E-01 -4.520393796E-02  2.991725830E-01 -5.966954922E+01 
       238 -1.381633959E-01  7.580784275E-03  2.992973140E-01 -1.372297213E+02 
       239 -9.858039209E-02  1.823614787E-02  2.995480058E-01 -1.409320467E+02 
       240 -1.218933294E-01 -4.792107264E-02  2.995534975E-01 -7.361199976E+01 
       241 -1.376807804E-01  5.482412311E-03  2.997090222E-01 -1.089324477E+02 
       242 -1.289287673E-01 -3.455778851E-02  3.002141234E-01 -4.948450946E+01 
       243 -1.337042382E-01 -1.332125930E-02  3.002226249E-01 -3.955307184E+01 
       244 -1.109128399E-01 -4.482151079E-02  3.004160981E-01 -1.147436761E+02 
       245 -1.345590945E-01 -8.918449829E-03  3.004965185E-01 -5.301112124E+01 
       246 -1.273390397E-01 -4.060418640E-02  3.008297909E-01 -6.170573729E+01 
       247 -1.337396292E-01  9.081233554E-03  3.010338217E-01 -1.754067964E+02 
       248 -1.153340319E-01 -4.583022379E-02  3.013892468E-01 -1.047442990E+02 
       249 -1.070992817E-01  1.628857209E-02  3.014012627E-01 -1.444624350E+02 
       250 -1.353692867E-01 -2.340503933E-03  3.014929670E-01 -9.175312646E+01 
       251 -1.265885005E-01  1.109451656E-02  3.015661890E-01 -1.671862729E+02 
       252 -1.319435246E-01 -2.004797952E-02  3.015908116E-01 -4.137748894E+01 
       253 -1.112016282E-01  1.529079308E-02  3.019631457E-01 -1.466835514E+02 
       254 -1.025533723E-01 -4.228635477E-02  3.020409858E-01 -1.465731801E+02 
       255 -1.231431949E-01 -4.775768298E-02  3.023037808E-01 -8.993228352E+01 
       256 -1.254857436E-01 -4.699690971E-02  3.023050533E-01 -7.457731926E+01 
       257 -1.341080357E-01 -7.081417666E-03  3.023665607E-01 -7.990634268E+01 
       258 -1.199374707E-01  1.304481444E-02  3.024906837E-01 -1.592081953E+02 
       259 -1.250673943E-01 -4.823482120E-02  3.025169494E-01 -8.063531020E+01 
       260 -1.323693715E-01 -1.556629557E-02  3.028900340E-01 -5.666802190E+01 
       261 -9.965552112E-02  1.857761681E-02  3.030224982E-01 -1.430155125E+02 
       262 -1.300516973E-01 -2.693611791E-02  3.031179665E-01 -5.246215692E+01 
       263 -1.356830001E-01  4.603974294E-03  3.031365108E-01 -1.022058140E+02 
       264 -1.079863995E-01 -4.346792152E-02  3.035569036E-01 -1.398425628E+02 
       265 -9.395474807E-02 -3.970162067E-02  3.035857090E-01 -1.555231878E+02 
       266 -1.235218936E-01  1.228986601E-02  3.036264872E-01 -1.637499528E+02 
       267 -1.334354297E-01  9.688886772E-03  3.039369969E-01 -1.975672563E+02 
       268 -1.344848094E-01  4.119823902E-04  3.039646258E-01 -9.911492820E+01 
       269 -1.165664229E-01 -4.566125043E-02  3.041444905E-01 -1.177167137E+02 
       270 -1.304089462E-01 -2.294066287E-02  3.043446198E-01 -5.964052841E+01 
       271 -1.267323579E-01 -4.047966302E-02  3.044120638E-01 -7.998248373E+01 
       272 -1.045285796E-01  1.753066361E-02  3.044529850E-01 -1.393173738E+02 
       273 -1.216053247E-01 -4.694039944E-02  3.045390041E-01 -1.103739800E+02 
       274 -1.280319698E-01 -3.388284767E-02  3.046871022E-01 -6.723768705E+01 
       275 -1.127974129E-01  1.538387071E-02  3.048370792E-01 -1.454053261E+02 
       276 -9.958048255E-02 -4.098002591E-02  3.048522950E-01 -1.594247123E+02 
       277 -1.302768960E-01  1.072615884E-02  3.049890365E-01 -2.003463797E+02 
       278 -1.347677526E-01  9.542241971E-03  3.050984243E-01 -1.471656312E+02 
       279 -9.484473952E-02  2.024896889E-02  3.051296350E-01 -1.509096753E+02 
       280 -1.178847518E-01  1.408398966E-02  3.051888265E-01 -1.528336476E+02 
       281 -1.343002285E-01  7.552045192E-03  3.055128914E-01 -8.172701475E+01 
       282 -1.311366239E-01 -1.453811398E-02  3.057990488E-01 -7.147184305E+01 
       283 -9.725751114E-02  1.973200049E-02  3.058456599E-01 -1.431167798E+02 
       284 -1.254802389E-01 -4.409471778E-02  3.059091647E-01 -8.744485559E+01 
       285 -1.318947028E-01 -7.583240054E-03  3.059806880E-01 -7.991997573E+01 
       286 -1.282586746E-01 -3.022566062E-02  3.061488287E-01 -7.147937109E+01 
       287 -1.090113101E-01 -4.323588503E-02  3.063532524E-01 -1.541746740E+02 
       288 -1.266723535E-01 -3.714993000E-02  3.065955865E-01 -8.248806582E+01 
       289 -1.320576788E-01 -1.979610536E-04  3.070030731E-01 -7.416467214E+01 
       290 -1.305917038E-01 -1.101505024E-02  3.071230735E-01 -6.955302618E+01 
       291 -1.155783310E-01 -4.484366739E-02  3.071945397E-01 -1.397618163E+02 
       292 -1.306622647E-01 -4.273104231E-03  3.080284947E-01 -6.786292762E+01 
       293 -1.138923416E-01 -4.422220649E-02  3.081301062E-01 -1.530545062E+02 
       294 -1.246593166E-01  1.281739986E-02  3.082198517E-01 -2.150085886E+02 
       295 -1.284351124E-01 -2.149762732E-02  3.083120310E-01 -6.962185113E+01 
       296 -1.224799246E-01 -4.649008271E-02  3.083175266E-01 -1.352559165E+02 
       297 -1.314251762E-01  6.719754160E-03  3.083291212E-01 -4.636653610E+01 
       298 -8.735960540E-02 -3.706528840E-02  3.083785036E-01 -1.556087622E+02 
       299 -1.052979417E-01  1.804508053E-02  3.084295672E-01 -1.859996907E+02 
       300 -1.290678648E-01  1.168213125E-02  3.084759497E-01 -2.249629569E+02 
       301 -1.243209010E-01 -4.473237679E-02  3.085164006E-01 -8.691148290E+01 
       302 -1.272308539E-01 -2.936482629E-02  3.086516302E-01 -7.989342450E+01 
       303 -1.237115461E-01 -4.672410561E-02  3.088478436E-01 -1.105179795E+02 
       304 -1.284253788E-01 -1.824667920E-02  3.089315757E-01 -6.584447803E+01 
       305 -1.116655205E-01  1.643254284E-02  3.089496124E-01 -1.924293081E+02 
       306 -9.013594317E-02 -3.769692134E-02  3.089995339E-01 -1.600815038E+02 
       307 -1.303218894E-01  2.939304234E-03  3.090155138E-01 -4.026081215E+01 
       308 -9.782455729E-02  2.017192671E-02  3.091119479E-01 -1.928068992E+02 
       309 -1.190442599E-01  1.450885714E-02  3.092483271E-01 -2.031002946E+02 
       310 -1.297009927E-01  1.169734510E-02  3.094963551E-01 -1.334924169E+02 
       311 -1.250010811E-01 -3.735225912E-02  3.098717426E-01 -8.606456246E+01 
       312 -1.292604265E-01  9.805335293E-03  3.099487717E-01 -8.522842505E+00 
       313 -1.268774320E-01 -2.378920388E-02  3.101072142E-01 -7.065926317E+01 
       314 -1.196428188E-01 -4.537958029E-02  3.102490657E-01 -1.549871736E+02 
       315 -1.229554168E-01  1.365028313E-02  3.102955794E-01 -2.350703624E+02 
       316 -1.090992387E-01  1.737627347E-02  3.103614710E-01 -2.202393165E+02 
       317 -1.008839153E-01 -4.031339703E-02  3.104587418E-01 -1.672244059E+02 
       318 -1.280988403E-01 -4.398705108E-03  3.104837275E-01 -3.379221054E+01 
       319 -9.317563947E-02  2.155802923E-02  3.106054466E-01 -1.997019674E+02 
       320 -1.235032802E-01 -4.210613899E-02  3.109838500E-01 -8.244822350E+01 
       321 -1.019897207E-01  1.939783744E-02  3.110010915E-01 -2.243906146E+02 
       322 -1.069407062E-01 -4.181144524E-02  3.111508905E-01 -1.704516233E+02 
       323 -9.540190583E-02  2.115476251E-02  3.113268562E-01 -2.507783279E+02 
       324 -1.270789538E-01  2.167231022E-03  3.113585853E-01  8.095839923E+00 
       325 -1.265118072E-01 -1.080877129E-02  3.115724369E-01 -3.986784912E+01 
       326 -1.247047933E-01 -3.132266966E-02  3.115832730E-01 -7.098300764E+01 
       327 -1.163669993E-01  1.568817735E-02  3.117960441E-01 -2.202262216E+02 
       328 -1.137133147E-01 -4.349539835E-02  3.118759395E-01 -1.675585404E+02 
       329 -1.260732884E-01 -1.345304896E-03  3.118977312E-01  7.497215471E+00 
       330 -1.239569386E-01 -3.491864468E-02  3.119003212E-01 -7.089829124E+01 
       331 -1.255746974E-01  8.871633686E-03  3.119130726E-01  3.863193235E+01 
       332 -1.051609045E-01 -4.118493858E-02  3.119755384E-01 -1.727615592E+02 
       333 -1.234193415E-01  1.384168493E-02  3.120379486E-01 -1.147163492E+02 
       334 -1.259101820E-01 -9.189398056E-03  3.121262232E-01 -1.574310834E+01 
       335 -1.253968786E-01 -1.542528822E-02  3.123957798E-01 -3.787652967E+01 
       336 -9.172734209E-02 -3.750585455E-02  3.124076940E-01 -1.635683134E+02 
       337 -1.229013363E-01  1.186518469E-02  3.125125254E-01  6.307203905E+01 
       338 -1.246658557E-01  5.138198478E-03  3.125285910E-01  5.257637690E+01 
       339 -1.164605509E-01  1.586249405E-02  3.128963194E-01 -8.847445769E+01 
       340 -1.020915936E-01  1.973058167E-02  3.129878935E-01 -1.192561251E+02 
       341 -1.092253280E-01  1.781910615E-02  3.129915794E-01 -9.573478170E+01 
       342 -9.559807080E-02  2.135471371E-02  3.130041304E-01 -1.491822991E+02 
       343 -9.233497828E-02  2.210296039E-02  3.130237758E-01 -1.193432285E+02 
       344 -9.825976789E-02 -3.912086153E-02  3.131579450E-01 -1.671919688E+02 
       345 -1.241606603E-01 -2.359453459E-02  3.131728539E-01 -4.706284289E+01 
       346 -1.017353217E-01  1.845268044E-02  3.132200900E-01  4.648520115E+01 
       347 -1.192919179E-01 -4.473875193E-02  3.132662242E-01 -1.824477989E+02 
       348 -1.158514328E-01  1.364684895E-02  3.133333596E-01  9.097880903E+01 
       349 -1.110018110E-01 -4.249079796E-02  3.134088938E-01 -1.748335867E+02 
       350 -1.085265434E-01  1.524491989E-02  3.134584735E-01  8.072531088E+01 
       351 -1.186760285E-01  1.085862012E-02  3.134828887E-01  9.345462854E+01 
       352 -9.482729748E-02  1.859168475E-02  3.135061989E-01  1.387846482E+01 
       353 -9.204967703E-02  1.902168102E-02  3.135579352E-01  6.551433972E+00 
       354 -1.237750977E-01 -1.636349989E-02  3.136810564E-01 -8.207877006E+00 
       355 -9.589005924E-02  1.718963839E-02  3.136957985E-01  4.613984218E+01 
       356 -1.041736329E-01  1.476161935E-02  3.137353549E-01  7.643146111E+01 
       357 -1.110054593E-01  1.255056222E-02  3.138032725E-01  1.025373299E+02 
       358 -1.227124467E-01 -2.290932353E-03  3.138342449E-01  5.125261275E+01 
       359 -1.207942590E-01  4.007399322E-03  3.139563146E-01  9.431470462E+01 
       360 -1.212826550E-01 -4.263461239E-02  3.139991878E-01 -6.491910506E+01 
       361 -1.168007020E-01 -4.391707993E-02  3.141155767E-01 -1.913093765E+02 
       362 -1.178222509E-01  6.666759716E-03  3.142225984E-01  1.170322997E+02 
       363 -1.229006712E-01 -2.155560176E-02  3.142532929E-01 -1.462937239E+01 
       364 -1.226117921E-01 -2.829504296E-02  3.142645833E-01 -4.416565286E+01 
       365 -9.569483423E-02  1.343822972E-02  3.143393132E-01  8.293727537E+01 
       366 -1.206197296E-01 -4.489527158E-02  3.143664885E-01 -1.296143097E+02 
       367 -1.222616532E-01 -7.594349476E-03  3.143951008E-01  3.490673056E+01 
       368 -1.020429376E-01  1.130796491E-02  3.144152420E-01  1.057810665E+02 
       369 -1.201325895E-01 -1.783437103E-04  3.145679286E-01  9.310253236E+01 
       370 -1.101300512E-01  8.100831491E-03  3.145954392E-01  1.322087488E+02 
       371 -9.378674136E-02  1.152635129E-02  3.147483395E-01  1.043876989E+02 
       372 -9.112601776E-02  1.203004715E-02  3.147823638E-01  9.053212805E+01 
       373 -1.025202085E-01  8.879933689E-03  3.148046908E-01  1.343514588E+02 
       374 -1.137779242E-01  5.299347376E-03  3.148469270E-01  1.370807999E+02 
       375 -1.069940541E-01  6.777527369E-03  3.149599097E-01  1.427954198E+02 
       376 -1.205532833E-01 -8.422129065E-03  3.151726650E-01  7.061982910E+01 
       377 -1.209140618E-01 -3.585640255E-02  3.151758171E-01 -4.622957072E+01 
       378 -9.911851692E-02  5.468625324E-03  3.155343751E-01  1.489548353E+02 
       379 -1.165656948E-01 -1.588837566E-03  3.155665111E-01  1.227399180E+02 
       380 -1.132659816E-01  8.441115272E-04  3.156194070E-01  1.449128950E+02 
       381 -9.474414480E-02  6.040756714E-03  3.156336281E-01  1.386551619E+02 
       382 -1.198219670E-01 -4.012505661E-02  3.158483357E-01 -4.341824277E+01 
       383 -1.198361565E-01 -1.431772806E-02  3.158930530E-01  4.330394827E+01 
       384 -1.190879931E-01 -1.240212975E-02  3.160128877E-01  7.293076918E+01 
       385 -1.061288125E-01  7.624507496E-04  3.160164808E-01  1.601221158E+02 
       386 -1.162252794E-01 -5.089823050E-03  3.160707160E-01  1.143125575E+02 
       387 -9.224260681E-02  3.627079322E-03  3.161541584E-01  1.507492201E+02 
       388 -1.200839891E-01 -2.891887033E-02  3.161900399E-01 -8.595184956E+00 
       389 -8.989555837E-02  3.963723516E-03  3.162023914E-01  1.418513753E+02 
       390 -1.086495806E-01 -1.092541128E-03  3.162173746E-01  1.572339226E+02 
       391 -1.014539719E-01  2.729879998E-05  3.163504040E-01  1.632738917E+02 
       392 -1.128431305E-01 -7.301302059E-03  3.169252969E-01  1.357383858E+02 
       393 -9.937733736E-02 -2.871233758E-03  3.169339319E-01  1.708929450E+02 
       394 -1.189398496E-01 -3.309304985E-02  3.169382337E-01 -1.139432629E+01 
       395 -1.185085675E-01 -2.220901984E-02  3.169446667E-01  3.255019958E+01 
       396 -1.088143676E-01 -5.601716464E-03  3.169729727E-01  1.564526438E+02 
       397 -9.408252716E-02 -2.419350088E-03  3.170947890E-01  1.676353324E+02 
       398 -1.136812174E-01 -1.150497099E-02  3.173764211E-01  1.184678097E+02 
       399 -1.114331390E-01 -4.186843104E-02  3.174811722E-01 -2.128128611E+02 
       400 -9.004477204E-02 -3.611465017E-02  3.175958674E-01 -1.973775318E+02 
       401 -1.166315686E-01 -1.890394207E-02  3.176042153E-01  6.827482753E+01 
       402 -1.052558356E-01 -8.473287548E-03  3.176183610E-01  1.643156038E+02 
       403 -1.014957298E-01 -7.700067013E-03  3.176560562E-01  1.736932884E+02 
       404 -1.174253193E-01 -2.571725737E-02  3.176715355E-01  3.502305435E+01 
       405 -1.155378950E-01 -4.291153537E-02  3.177965004E-01 -2.134089117E+02 
       406 -9.075745077E-02 -5.823089396E-03  3.178197562E-01  1.723629953E+02 
       407 -8.863916077E-02 -5.562128500E-03  3.178705435E-01  1.659741947E+02 
       408 -1.115262492E-01 -1.409672289E-02  3.180689452E-01  1.313187881E+02 
       409 -8.444748030E-02 -3.450854050E-02  3.181796631E-01 -1.619598019E+02 
       410 -1.057532074E-01 -4.019607087E-02  3.183083134E-01 -2.103763912E+02 
       411 -1.167725769E-01 -4.072436120E-02  3.183356726E-01 -1.652378212E+01 
       412 -1.071473936E-01 -1.335932299E-02  3.183603338E-01  1.556189797E+02 
       413 -1.131692029E-01 -1.834312154E-02  3.184292210E-01  1.079816483E+02 
       414 -9.935461262E-02 -3.843267038E-02  3.185748535E-01 -2.050101980E+02 
       415 -9.741959180E-02 -1.224804925E-02  3.186082981E-01  1.762967140E+02 
       416 -1.161150138E-01 -4.291456864E-02  3.186333756E-01 -1.239841806E+02 
       417 -9.336086197E-02 -1.159149633E-02  3.186791185E-01  1.774302618E+02 
       418 -1.158057938E-01 -3.380088649E-02  3.188598662E-01  2.495423301E+01 
       419 -1.143458325E-01 -2.660726131E-02  3.190357610E-01  7.118011567E+01 
       420 -1.098268588E-01 -4.115157460E-02  3.190610390E-01 -2.293853932E+02 
       421 -1.112229055E-01 -2.066503920E-02  3.190725693E-01  1.206745447E+02 
       422 -1.038939889E-01 -1.753702911E-02  3.192130479E-01  1.598294285E+02 
       423 -8.722669106E-02 -3.505397171E-02  3.192806204E-01 -2.182667891E+02 
       424 -9.992641699E-02 -1.703006615E-02  3.193050914E-01  1.706248305E+02 
       425 -1.147028789E-01 -3.819197904E-02  3.195630556E-01  1.532523874E+01 
       426 -1.119227204E-01 -2.492749146E-02  3.195697321E-01  1.058910361E+02 
       427 -1.055428791E-01 -2.011115823E-02  3.195747024E-01  1.471582674E+02 
       428 -1.134877627E-01 -3.146141777E-02  3.197116129E-01  6.350907373E+01 
       429 -8.694942818E-02 -1.625970065E-02  3.197563779E-01  1.676323110E+02 
       430 -1.038423910E-01 -3.940424841E-02  3.198514123E-01 -2.272183851E+02 
       431 -1.047229315E-01 -2.391802582E-02  3.202556003E-01  1.453119100E+02 
       432 -9.604957233E-02 -2.216136448E-02  3.203471014E-01  1.641533432E+02 
       433 -1.083031616E-01 -2.660337799E-02  3.203539880E-01  1.248444277E+02 
       434 -9.147618608E-02 -2.125534911E-02  3.203987786E-01  1.637074422E+02 
       435 -1.009137102E-01 -2.625958015E-02  3.208225386E-01  1.449970563E+02 
       436 -9.794601159E-02 -2.557416054E-02  3.208395736E-01  1.487262371E+02 
       437 -1.097636666E-01 -3.228257588E-02  3.208558018E-01  8.640298119E+01 
       438 -1.076883559E-01 -3.018726852E-02  3.209691876E-01  1.139887055E+02 
       439 -1.112326199E-01 -3.882128841E-02  3.210753409E-01  3.759935239E+01 
       440 -9.633157901E-02 -3.714324421E-02  3.212187268E-01 -2.205207496E+02 
       441 -1.106288913E-01 -4.095293253E-02  3.213434518E-01 -1.125662062E+02 
       442 -1.034047826E-01 -3.080042084E-02  3.214645858E-01  1.248572925E+02 
       443 -1.087802689E-01 -3.629028970E-02  3.215459118E-01  6.753769599E+01 
       444 -8.418926162E-02 -2.771608548E-02  3.218185873E-01  1.247857573E+02 
       445 -9.462062408E-02 -3.133935900E-02  3.219641301E-01  1.236054796E+02 
       446 -1.019630468E-01 -3.403212905E-02  3.220784891E-01  1.011452917E+02 
       447 -8.834688030E-02 -3.086778786E-02  3.221655292E-01  1.128648761E+02 
       448 -1.046552813E-01 -3.718341729E-02  3.223109344E-01  7.802798660E+01 
       449 -9.700370423E-02 -3.463252221E-02  3.224145442E-01  1.042614496E+02 
       450 -1.041797768E-01 -3.900506318E-02  3.225531948E-01 -9.331088951E+01 
       451 -8.259996772E-02 -3.317362070E-02  3.228132725E-01 -1.974537835E+01 
       452 -8.766296899E-02 -3.453024695E-02  3.228158956E-01 -8.109609852E+01 
       453 -9.642919783E-02 -3.687914775E-02  3.228204364E-01 -7.355786128E+01 
