nodenumber     x-coordinate     y-coordinate     z-coordinate         pressure 
         1  9.442956001E-02  1.988292580E-01  1.796230155E-01 -9.120057387E+01 
         2  9.836194161E-02  1.980839121E-01  1.803677968E-01 -9.537087512E+01 
         3  1.053861150E-01  1.967525376E-01  1.816981476E-01 -1.051422503E+02 
         4  9.509203289E-02  2.017179496E-01  1.818353971E-01 -7.393882719E+01 
         5  9.827881623E-02  2.008652665E-01  1.822668065E-01 -7.219888283E+01 
         6  9.408890611E-02  1.967455946E-01  1.825841699E-01 -1.117029569E+02 
         7  9.730266979E-02  1.963458469E-01  1.828979307E-01 -1.180337375E+02 
         8  1.054681507E-01  1.985590723E-01  1.829751988E-01 -9.322890986E+01 
         9  1.124109831E-01  1.954210339E-01  1.830286320E-01 -1.158822832E+02 
        10  9.968534894E-02  2.015904566E-01  1.832198588E-01 -8.246023321E+01 
        11  9.821658025E-02  1.955515311E-01  1.839457956E-01 -1.146078281E+02 
        12  1.120619667E-01  1.946838074E-01  1.840940471E-01 -1.209879832E+02 
        13  1.125058394E-01  1.972719151E-01  1.843404967E-01 -1.108079306E+02 
        14  1.045173676E-01  1.949171630E-01  1.843505490E-01 -1.159645479E+02 
        15  1.080652711E-01  1.997230728E-01  1.846137916E-01 -1.034127856E+02 
        16  1.193524192E-01  1.945269206E-01  1.846351934E-01 -1.303619093E+02 
        17  1.002599837E-01  2.040059005E-01  1.850764252E-01 -8.981151276E+01 
        18  1.190324725E-01  1.938090703E-01  1.855840675E-01 -1.349858310E+02 
        19  1.191336445E-01  1.963815129E-01  1.858490689E-01 -1.272459671E+02 
        20  1.151485822E-01  1.983109487E-01  1.859071969E-01 -1.185730341E+02 
        21  1.060681811E-01  1.936243928E-01  1.860510605E-01 -1.154047687E+02 
        22  1.076617643E-01  1.933274941E-01  1.863456251E-01 -1.177277706E+02 
        23  9.624955405E-02  2.078173004E-01  1.864293897E-01 -9.754356372E+01 
        24  1.157905643E-01  1.928524552E-01  1.866214695E-01 -1.283678582E+02 
        25  1.081859378E-01  2.030745942E-01  1.869728950E-01 -1.110962703E+02 
        26  1.259718895E-01  1.949813754E-01  1.870722005E-01 -1.406027208E+02 
        27  1.213034826E-01  1.974287935E-01  1.872698539E-01 -1.343355827E+02 
        28  1.048598602E-01  2.052460602E-01  1.874098791E-01 -1.082689331E+02 
        29  1.254529249E-01  1.960839583E-01  1.876691766E-01 -1.421369706E+02 
        30  1.256885112E-01  1.942725629E-01  1.879985158E-01 -1.375232263E+02 
        31  1.219736444E-01  1.924754409E-01  1.886742040E-01 -1.391457610E+02 
        32  1.150944781E-01  2.024554115E-01  1.887592546E-01 -1.252503582E+02 
        33  1.036975394E-01  1.918022404E-01  1.888013400E-01 -1.116076446E+02 
        34  1.116707728E-01  2.044177708E-01  1.890201629E-01 -1.243857569E+02 
        35  9.651655972E-02  1.920104094E-01  1.890651258E-01 -1.052309469E+02 
        36  1.149802121E-01  1.911193894E-01  1.891186961E-01 -1.312818571E+02 
        37  9.376282736E-02  1.920954766E-01  1.891589057E-01 -1.016507583E+02 
        38  1.006471163E-01  2.108678694E-01  1.899514072E-01 -1.169653317E+02 
        39  9.749334639E-02  1.913146749E-01  1.899692654E-01 -1.016856339E+02 
        40  1.047229067E-01  2.091366062E-01  1.900595738E-01 -1.220894039E+02 
        41  1.276181454E-01  1.986711478E-01  1.901546313E-01 -1.487530283E+02 
        42  1.211581100E-01  2.016950495E-01  1.901769707E-01 -1.367277224E+02 
        43  1.064124703E-01  1.905705788E-01  1.903254955E-01 -1.181290320E+02 
        44  1.182934927E-01  2.033728827E-01  1.904201458E-01 -1.366813456E+02 
        45  1.317666245E-01  1.972215294E-01  1.904810968E-01 -1.593661538E+02 
        46  1.022173541E-01  1.906645182E-01  1.905185612E-01 -1.068073122E+02 
        47  9.682907626E-02  2.136642203E-01  1.906632926E-01 -1.268061007E+02 
        48  1.213076213E-01  1.910231050E-01  1.907820041E-01 -1.374695719E+02 
        49  1.098349994E-01  1.899218705E-01  1.909737122E-01 -1.326284026E+02 
        50  1.304924132E-01  1.986471700E-01  1.910595908E-01 -1.737938120E+02 
        51  1.114115378E-01  2.075578335E-01  1.911110570E-01 -1.400477392E+02 
        52  9.945779192E-02  2.131643365E-01  1.911600316E-01 -1.284297255E+02 
        53  1.315025869E-01  1.965177307E-01  1.914108811E-01 -1.361669990E+02 
        54  1.243559056E-01  2.022502567E-01  1.915866592E-01 -1.460904180E+02 
        55  1.072676640E-01  2.101956257E-01  1.916086943E-01 -1.397785321E+02 
        56  1.280932541E-01  1.937848277E-01  1.916230588E-01 -1.360561601E+02 
        57  1.169391248E-01  1.890161308E-01  1.926243834E-01 -1.349142723E+02 
        58  1.038837604E-01  1.887292066E-01  1.931150918E-01 -1.081338543E+02 
        59  1.315946397E-01  2.011082611E-01  1.931169185E-01 -1.886621811E+02 
        60  1.054640842E-01  1.885226654E-01  1.932834231E-01 -1.081790556E+02 
        61  1.011640128E-01  2.157982917E-01  1.935306966E-01 -1.446110041E+02 
        62  1.274514900E-01  1.924041215E-01  1.936237068E-01 -1.356305163E+02 
        63  1.255898759E-01  2.046805605E-01  1.936649125E-01 -1.586513413E+02 
        64  1.076420505E-01  2.134424020E-01  1.939766252E-01 -1.564299523E+02 
        65  1.185177900E-01  2.084385014E-01  1.939992215E-01 -1.557556434E+02 
        66  1.158349340E-01  2.098129683E-01  1.940906386E-01 -1.603749642E+02 
        67  9.679162972E-02  2.192414398E-01  1.945126548E-01 -1.603151090E+02 
        68  1.361565737E-01  2.010493894E-01  1.945388261E-01 -1.867005936E+02 
        69  1.283253514E-01  2.047609328E-01  1.945976185E-01 -1.694077542E+02 
        70  1.350503117E-01  2.017727471E-01  1.946849456E-01 -2.194855677E+02 
        71  1.057568297E-01  2.156250583E-01  1.948833292E-01 -1.567900923E+02 
        72  9.897956405E-02  2.190008750E-01  1.950476042E-01 -1.581126313E+02 
        73  1.234794987E-01  1.894985941E-01  1.950554211E-01 -1.356588484E+02 
        74  1.217040945E-01  2.089004925E-01  1.953406868E-01 -1.690031318E+02 
        75  1.332243436E-01  1.968053760E-01  1.954096595E-01 -1.400359608E+02 
        76  1.358963327E-01  2.003209700E-01  1.955217521E-01 -1.396227046E+02 
        77  9.359161816E-02  1.874073567E-01  1.957751275E-01 -1.039231901E+02 
        78  9.601919576E-02  1.872353305E-01  1.958291189E-01 -1.055597627E+02 
        79  1.140210685E-01  2.135705480E-01  1.961106144E-01 -1.727736140E+02 
        80  1.302425961E-01  2.070845365E-01  1.968210733E-01 -1.847971784E+02 
        81  1.066104370E-01  2.181769996E-01  1.969238423E-01 -1.689457787E+02 
        82  1.325841400E-01  1.954390861E-01  1.973445766E-01 -1.431319620E+02 
        83  1.349180115E-01  2.057315493E-01  1.973833907E-01 -2.258248412E+02 
        84  1.006088492E-01  2.221045682E-01  1.977188222E-01 -1.727532503E+02 
        85  9.890333753E-02  1.856869609E-01  1.977862109E-01 -1.130850675E+02 
        86  1.235711094E-01  2.115703413E-01  1.977877571E-01 -1.883325408E+02 
        87  9.614017242E-02  2.245511552E-01  1.979799408E-01 -1.890792270E+02 
        88  1.150637101E-01  2.163679258E-01  1.983816653E-01 -1.790037028E+02 
        89  1.292386549E-01  1.917255263E-01  1.984437571E-01 -1.381334796E+02 
        90  1.039906667E-01  2.217256219E-01  1.985407534E-01 -1.715777613E+02 
        91  1.289715857E-01  2.102913903E-01  1.986338090E-01 -1.926494551E+02 
        92  1.366562933E-01  2.067871629E-01  1.986715762E-01 -2.530612542E+02 
        93  9.919738890E-02  1.850093537E-01  1.987177791E-01 -1.247050460E+02 
        94  9.869758302E-02  2.244953559E-01  1.987612768E-01 -1.845042768E+02 
        95  1.386995389E-01  2.060919182E-01  1.988453394E-01 -2.009829066E+02 
        96  1.115885076E-01  2.191111121E-01  1.991666660E-01 -1.745728977E+02 
        97  1.034681718E-01  1.842127565E-01  1.995085014E-01 -1.258073247E+02 
        98  1.222820497E-01  2.150182313E-01  1.997615853E-01 -1.939502592E+02 
        99  1.367951134E-01  2.013128095E-01  1.998889468E-01 -1.323345607E+02 
       100  1.184121378E-01  2.170853964E-01  1.999519907E-01 -1.853476649E+02 
       101  1.383359327E-01  2.050695628E-01  2.002775004E-01 -1.214881221E+02 
       102  1.059703735E-01  2.239282613E-01  2.007004867E-01 -1.730270326E+02 
       103  1.312628404E-01  2.122489913E-01  2.007237790E-01 -2.032882163E+02 
       104  1.111383572E-01  2.219141764E-01  2.009630269E-01 -1.711845966E+02 
       105  9.944835732E-02  2.275069976E-01  2.010870926E-01 -1.854873671E+02 
       106  9.489454675E-02  2.296239340E-01  2.010938663E-01 -1.925928363E+02 
       107  1.357629014E-01  2.109672993E-01  2.012792342E-01 -2.390353282E+02 
       108  1.361045899E-01  1.998781682E-01  2.015798178E-01 -1.423327665E+02 
       109  9.702321511E-02  2.297693302E-01  2.018764624E-01 -1.833631015E+02 
       110  9.302324019E-02  1.829221879E-01  2.021363108E-01 -1.365360609E+02 
       111  9.701563451E-02  1.825567957E-01  2.023412967E-01 -1.398265406E+02 
       112  1.054791330E-01  2.265426645E-01  2.023530554E-01 -1.648981438E+02 
       113  1.372524447E-01  2.119701553E-01  2.024511410E-01 -2.599641023E+02 
       114  1.336573080E-01  1.955450350E-01  2.025049075E-01 -1.940874510E+02 
       115  1.034269631E-01  2.280935407E-01  2.027688232E-01 -1.672469619E+02 
       116  1.266155911E-01  2.174823095E-01  2.028570234E-01 -1.972320368E+02 
       117  1.300394425E-01  2.160078461E-01  2.029339562E-01 -2.023751882E+02 
       118  1.391541620E-01  2.118303551E-01  2.029640882E-01 -1.933126332E+02 
       119  1.131998905E-01  2.243185509E-01  2.032886648E-01 -1.608400008E+02 
       120  1.188235103E-01  2.220900949E-01  2.035488732E-01 -1.754058989E+02 
       121  9.303583813E-02  2.345332135E-01  2.039406184E-01 -2.068046363E+02 
       122  1.364510529E-01  2.002389163E-01  2.040134420E-01 -1.134040870E+02 
       123  1.162334891E-01  2.242459758E-01  2.042110651E-01 -1.580963402E+02 
       124  9.738068696E-02  2.330344572E-01  2.042518607E-01 -2.058554027E+02 
       125  1.382617231E-01  2.067643985E-01  2.043731824E-01 -1.051885075E+02 
       126  1.353787631E-01  1.976924139E-01  2.045435791E-01 -1.344386583E+02 
       127  1.100872256E-01  2.276504197E-01  2.045974741E-01 -1.520584703E+02 
       128  1.386972793E-01  2.106062434E-01  2.047486670E-01 -9.660105647E+01 
       129  9.504505355E-02  2.348176655E-01  2.047600252E-01 -2.366743207E+02 
       130  1.257661953E-01  2.206944057E-01  2.048085686E-01 -1.870032378E+02 
       131  9.792555240E-02  1.807499662E-01  2.048155422E-01 -1.588769006E+02 
       132  1.225781040E-01  2.226389395E-01  2.051326782E-01 -1.736137916E+02 
       133  9.201839752E-02  2.368132034E-01  2.052322161E-01 -1.644905015E+02 
       134  1.036233291E-01  2.317351580E-01  2.053530444E-01 -1.835619896E+02 
       135  1.015480429E-01  1.800664902E-01  2.054972145E-01 -1.616646280E+02 
       136  1.337362379E-01  2.180341922E-01  2.055221718E-01 -2.396048617E+02 
       137  1.356283603E-01  2.173154919E-01  2.056312426E-01 -2.611628719E+02 
       138  9.515128781E-02  2.363936850E-01  2.059022899E-01 -1.817596391E+02 
       139  1.011808089E-01  2.336894827E-01  2.059229822E-01 -2.148503032E+02 
       140  1.374859410E-01  2.177108221E-01  2.065005340E-01 -1.807570446E+02 
       141  1.104637157E-01  2.303128375E-01  2.065615027E-01 -1.720051334E+02 
       142  1.363981717E-01  2.008824059E-01  2.069974697E-01 -7.217375878E+01 
       143  1.012873001E-01  2.353903535E-01  2.071347174E-01 -1.430537078E+02 
       144  1.079474501E-01  2.325119032E-01  2.072772414E-01 -1.903719483E+02 
       145  1.344817727E-01  1.957554896E-01  2.073412217E-01 -3.884493083E+01 
       146  9.194270944E-02  2.353691202E-01  2.075529315E-01 -1.048429400E+02 
       147  1.298324700E-01  2.229659463E-01  2.076850105E-01 -2.301924940E+02 
       148  9.447020010E-02  2.352601505E-01  2.077247484E-01 -9.501399668E+01 
       149  1.371070778E-01  2.039788113E-01  2.077437758E-01 -8.147937857E+01 
       150  1.173708158E-01  2.288287486E-01  2.077485853E-01 -1.870763216E+02 
       151  1.320862147E-01  2.221538290E-01  2.078453496E-01 -2.586913487E+02 
       152  9.221976145E-02  1.788387682E-01  2.079499113E-01 -1.651145288E+02 
       153  9.572610033E-02  1.784368880E-01  2.082439756E-01 -1.710882926E+02 
       154  1.370223615E-01  2.165334983E-01  2.082732396E-01 -6.646770460E+01 
       155  1.375715502E-01  2.125703637E-01  2.082903635E-01 -7.540996509E+01 
       156  1.080399799E-01  2.341104429E-01  2.084136523E-01 -1.192227159E+02 
       157  1.149896840E-01  2.308933707E-01  2.084145696E-01 -1.957504627E+02 
       158  1.233749460E-01  2.271229154E-01  2.084926316E-01 -2.131963494E+02 
       159  1.349815238E-01  1.975396342E-01  2.089728913E-01 -4.508617878E+01 
       160  1.215570493E-01  2.288745505E-01  2.091225071E-01 -2.236321251E+02 
       161  1.338418986E-01  2.231903655E-01  2.091259057E-01 -1.653546391E+02 
       162  1.005381392E-01  2.338024458E-01  2.094293055E-01 -4.449579166E+01 
       163  1.277119565E-01  2.266630562E-01  2.095648015E-01 -2.409399884E+02 
       164  1.151228301E-01  2.327466484E-01  2.097403707E-01 -1.168437547E+02 
       165  9.623030932E-02  2.337572133E-01  2.098180085E-01 -6.031283810E+01 
       166  1.075054147E-01  2.329665881E-01  2.100661649E-01 -1.987189415E+01 
       167  1.285530909E-01  2.277334781E-01  2.105755931E-01 -1.451561384E+02 
       168  1.221238647E-01  2.308750768E-01  2.106892989E-01 -1.332507007E+02 
       169  9.657522195E-02  1.766521843E-01  2.106917744E-01 -1.788785996E+02 
       170  1.333715214E-01  2.220708314E-01  2.108548607E-01 -3.457773228E+01 
       171  9.969099711E-02  1.760564501E-01  2.112891623E-01 -1.901188957E+02 
       172  1.029393797E-01  2.323316448E-01  2.113145959E-01 -2.368747132E+01 
       173  1.348227995E-01  2.184132650E-01  2.113733254E-01 -4.300046495E+01 
       174  1.145667551E-01  2.315884454E-01  2.114307022E-01 -8.480856107E+00 
       175  1.364371351E-01  2.057354732E-01  2.115812241E-01 -5.463037553E+01 
       176  1.364515850E-01  2.102047100E-01  2.117548571E-01 -5.304404475E+01 
       177  1.280503434E-01  2.266160958E-01  2.123209822E-01 -1.251954249E+01 
       178  1.215707697E-01  2.297409915E-01  2.124610748E-01 -5.143135244E+00 
       179  1.107480111E-01  2.310745841E-01  2.124794508E-01 -7.946660128E+00 
       180  1.346525717E-01  1.973189175E-01  2.127040993E-01 -2.901643679E+01 
       181  9.123019834E-02  2.319528076E-01  2.127420300E-01 -4.240582373E+01 
       182  9.416296325E-02  2.314792329E-01  2.131897831E-01 -3.606451065E+01 
       183  9.119580907E-02  1.751186442E-01  2.132689389E-01 -1.366505579E+02 
       184  1.325515531E-01  1.915874382E-01  2.133614024E-01 -7.112114960E+00 
       185  1.302418787E-01  2.234830515E-01  2.134001068E-01 -1.347758251E+01 
       186  9.433868622E-02  1.746797965E-01  2.136432542E-01 -1.613668491E+02 
       187  1.176999887E-01  2.296276891E-01  2.136751392E-01  1.181948766E+00 
       188  1.024686077E-01  2.303492411E-01  2.141432188E-01 -4.766898809E+00 
       189  1.243252940E-01  2.272971701E-01  2.141680347E-01  8.012961334E-02 
       190  1.355381249E-01  2.039932295E-01  2.142744895E-01 -3.748685150E+01 
       191  1.330086402E-01  1.930368840E-01  2.145353694E-01 -1.407299142E+01 
       192  1.336788172E-01  2.160612993E-01  2.148289182E-01 -1.993041554E+01 
       193  1.350135668E-01  1.997851500E-01  2.149406916E-01 -3.352603699E+01 
       194  1.347567900E-01  2.121864396E-01  2.150438721E-01 -2.621601903E+01 
       195  9.538935406E-02  2.295912237E-01  2.157599311E-01 -5.484041689E+00 
       196  1.095965321E-01  2.287415768E-01  2.158546722E-01  1.174482442E+01 
       197  9.872216796E-02  2.290123598E-01  2.163167318E-01  2.832369727E+00 
       198  9.510121157E-02  1.726759641E-01  2.164064085E-01 -1.327344281E+02 
       199  1.066061505E-01  2.283222435E-01  2.166772193E-01  1.491051876E+01 
       200  1.291760103E-01  2.211281513E-01  2.167399798E-01  8.916170054E+00 
       201  9.784105911E-02  1.720617646E-01  2.170589610E-01 -2.061236408E+02 
       202  1.165256947E-01  2.271548244E-01  2.172647830E-01  2.305321410E+01 
       203  1.311125530E-01  2.176282591E-01  2.174983998E-01  5.405341134E+00 
       204  1.232360988E-01  2.248106201E-01  2.176899746E-01  2.401184286E+01 
       205  1.128887775E-01  2.268570252E-01  2.182238275E-01  2.871146126E+01 
       206  8.991080075E-02  1.715357265E-01  2.184149412E-01 -6.464850110E+01 
       207  8.982991151E-02  2.277586116E-01  2.187722552E-01  5.974981493E+00 
       208  1.326159593E-01  1.927300706E-01  2.187871778E-01 -9.690087785E+00 
       209  9.279714705E-02  1.710646789E-01  2.188545233E-01 -8.932138276E+01 
       210  1.257826097E-01  2.221110272E-01  2.189410017E-01  2.827032145E+01 
       211  9.205026204E-02  2.274223776E-01  2.190736125E-01  9.845851284E+00 
       212  1.339332456E-01  2.066935084E-01  2.190874126E-01 -2.152329692E+01 
       213  1.334087541E-01  2.094636496E-01  2.191143695E-01 -1.172658221E+01 
       214  1.195174179E-01  2.250501356E-01  2.191832591E-01  3.546639468E+01 
       215  1.306621884E-01  1.875075981E-01  2.192541540E-01 -3.063790984E+00 
       216  1.337790021E-01  1.990755454E-01  2.196909110E-01 -2.210331077E+01 
       217  9.698107839E-02  1.702047556E-01  2.197411742E-01 -1.530847792E+02 
       218  1.049798730E-01  2.258361203E-01  2.203049327E-01  2.982052096E+01 
       219  9.309237677E-02  1.699860553E-01  2.203507981E-01 -7.331576718E+01 
       220  1.002936680E-01  1.695768758E-01  2.203685592E-01 -6.741046384E+01 
       221  1.311228471E-01  1.889663407E-01  2.204119955E-01 -7.594229935E+00 
       222  1.300482108E-01  2.155914544E-01  2.205166746E-01  1.694103379E+01 
       223  9.313851568E-02  1.698174883E-01  2.205846387E-01 -7.339071451E+01 
       224  1.006429896E-01  2.258279521E-01  2.206528140E-01  2.444335467E+01 
       225  8.920367515E-02  1.697673549E-01  2.209604220E-01 -2.312687497E+01 
       226  1.330205664E-01  1.958985506E-01  2.211125058E-01 -1.623159118E+01 
       227  1.316851727E-01  2.112278565E-01  2.213690160E-01  6.514332198E+00 
       228  1.330516790E-01  2.033464455E-01  2.219794789E-01 -1.584757485E+01 
       229  1.073026396E-01  1.686635878E-01  2.219834959E-01  4.899356850E+01 
       230  1.115192833E-01  2.242613639E-01  2.219881878E-01  4.269320092E+01 
       231  1.248065124E-01  2.195112932E-01  2.225271428E-01  4.061940309E+01 
       232  9.679245295E-02  1.681480073E-01  2.226526216E-01 -9.313498150E+01 
       233  1.075336580E-01  2.239921043E-01  2.227040548E-01  4.092618891E+01 
       234  1.184141943E-01  2.224881056E-01  2.228631571E-01  4.885078570E+01 
       235  9.388658205E-02  2.245695401E-01  2.229492521E-01  2.401332890E+01 
       236  9.857258369E-02  2.242873459E-01  2.229832588E-01  3.105415401E+01 
       237  1.269845069E-01  2.168476483E-01  2.231947817E-01  3.279771614E+01 
       238  8.825508649E-02  1.678246776E-01  2.237701679E-01 -4.700948092E+01 
       239  8.974667384E-02  1.676146154E-01  2.239503481E-01 -8.050195208E+01 
       240  1.031552802E-01  1.669856072E-01  2.241161693E-01  3.852787177E+00 
       241  1.144403746E-01  2.223689200E-01  2.241299064E-01  5.073367823E+01 
       242  1.139254645E-01  1.690818856E-01  2.243965465E-01  1.023653307E+02 
       243  1.213589423E-01  2.200027871E-01  2.244271310E-01  4.994934956E+01 
       244  1.307398049E-01  1.886731621E-01  2.246192196E-01 -1.084978396E+01 
       245  1.287747480E-01  1.834319180E-01  2.251409184E-01 -2.050220194E+01 
       246  1.320590911E-01  1.956540955E-01  2.251877519E-01 -1.256872160E+01 
       247  1.317849253E-01  2.034468110E-01  2.252022865E-01 -5.732753600E+00 
       248  9.623992550E-02  1.663097134E-01  2.252846096E-01 -1.398501124E+02 
       249  8.881742955E-02  2.228400212E-01  2.257783515E-01  2.566488941E+01 
       250  9.128980330E-02  2.226790668E-01  2.258132883E-01  2.917290063E+01 
       251  1.294585858E-01  2.095913204E-01  2.258644448E-01  1.648457107E+01 
       252  1.097735952E-01  1.667016133E-01  2.260748761E-01  8.847087480E+01 
       253  1.024992073E-01  1.655190582E-01  2.262325305E-01 -6.099897284E+01 
       254  1.292285661E-01  1.848610588E-01  2.262620013E-01 -1.577841828E+01 
       255  9.119080578E-02  1.658371018E-01  2.263418762E-01 -1.400341603E+02 
       256  8.738205582E-02  1.660367405E-01  2.263561089E-01 -1.123614235E+01 
       257  1.056819389E-01  2.213239653E-01  2.266055979E-01  4.718515542E+01 
       258  1.263256670E-01  2.136039537E-01  2.269069440E-01  3.318226820E+01 
       259  1.311556707E-01  1.917828786E-01  2.269507889E-01 -1.093289567E+01 
       260  1.011806469E-01  2.212575486E-01  2.270482694E-01  4.288532015E+01 
       261  9.111284353E-02  1.653296004E-01  2.270627078E-01 -4.375082041E+01 
       262  1.297159908E-01  2.070247687E-01  2.272165393E-01  9.715538230E+00 
       263  1.314064533E-01  1.990928601E-01  2.274235324E-01 -8.357652539E+00 
       264  9.831481047E-02  1.646725198E-01  2.274295603E-01 -1.414624499E+02 
       265  1.133794456E-01  2.198725436E-01  2.276935729E-01  5.644264975E+01 
       266  1.197543612E-01  1.712895661E-01  2.277939146E-01  8.303443832E+01 
       267  1.203820968E-01  2.173778955E-01  2.280266058E-01  5.346675259E+01 
       268  8.778500109E-02  1.684231661E-01  2.281375347E-01  6.360684220E+01 
       269  1.091145286E-01  1.652835497E-01  2.281384635E-01  4.121780698E+01 
       270  9.802926574E-02  1.640186465E-01  2.283726486E-01 -5.612004876E+01 
       271  9.109580434E-02  1.676694539E-01  2.286772321E-01  6.719641028E+01 
       272  1.159758172E-01  1.679577833E-01  2.289367966E-01  1.034049926E+02 
       273  1.051800532E-01  1.638468715E-01  2.289577279E-01 -2.957984991E+01 
       274  9.806907668E-02  1.650326931E-01  2.290874836E-01  8.433440215E+01 
       275  1.086136152E-01  2.193447875E-01  2.291048846E-01  5.482173440E+01 
       276  1.237728142E-01  2.137815559E-01  2.291316078E-01  4.470432780E+01 
       277  9.193149642E-02  1.682454319E-01  2.293439520E-01  8.375646864E+01 
       278  9.345441540E-02  2.197755924E-01  2.297347832E-01  3.660017462E+01 
       279  1.167057364E-01  2.174312892E-01  2.297658154E-01  5.816114494E+01 
       280  1.048686015E-01  1.631581640E-01  2.299697553E-01  1.625111348E+01 
       281  9.882759445E-02  2.192599982E-01  2.300442126E-01  4.463945747E+01 
       282  9.477520184E-02  1.679968190E-01  2.300835889E-01  8.926925197E+01 
       283  1.304255838E-01  1.916179381E-01  2.302011324E-01 -8.851830207E+00 
       284  1.280668326E-01  2.062365284E-01  2.304682299E-01  1.798345190E+01 
       285  1.287742951E-01  1.845919899E-01  2.309463098E-01 -1.920097384E+01 
       286  1.046734962E-01  1.646816790E-01  2.309619989E-01  9.804661925E+01 
       287  1.153164910E-01  1.665594825E-01  2.309946134E-01  5.825259569E+01 
       288  1.017126288E-01  1.662367429E-01  2.310893134E-01  9.380850910E+01 
       289  1.268462645E-01  1.792676219E-01  2.311556894E-01 -5.123413194E+01 
       290  1.116878676E-01  1.643078865E-01  2.313369416E-01  3.754817102E+01 
       291  1.080356538E-01  2.175189816E-01  2.317101351E-01  5.756868037E+01 
       292  8.848162905E-02  1.733153322E-01  2.317479655E-01  9.907986412E+01 
       293  1.297377208E-01  1.988064608E-01  2.317516269E-01 -2.103301048E+00 
       294  1.242108403E-01  1.751456224E-01  2.318924982E-01 -3.933143052E+00 
       295  1.230978628E-01  2.114583664E-01  2.320771495E-01  4.396452070E+01 
       296  9.066620431E-02  1.728327677E-01  2.321142930E-01  1.002383033E+02 
       297  1.273725558E-01  1.810211164E-01  2.323162963E-01 -2.822908133E+01 
       298  1.113546329E-01  1.636180424E-01  2.323677323E-01  5.979240015E+01 
       299  1.069406018E-01  1.658881106E-01  2.325241588E-01  1.099601567E+02 
       300  1.210880723E-01  1.708702571E-01  2.325714580E-01  5.119124964E+01 
       301  1.292504776E-01  1.870495664E-01  2.326045297E-01 -1.105807460E+01 
       302  1.108687076E-01  1.646511566E-01  2.329272066E-01  1.110158171E+02 
       303  9.743178779E-02  1.709473184E-01  2.329781218E-01  1.106991761E+02 
       304  1.250649215E-01  2.084402802E-01  2.329893684E-01  3.250677608E+01 
       305  1.296072020E-01  1.949815594E-01  2.330408476E-01 -4.220140808E+00 
       306  8.792838774E-02  2.177083225E-01  2.330750252E-01  3.133891935E+01 
       307  1.286594391E-01  2.009492187E-01  2.330790929E-01  8.820672460E+00 
       308  1.004584592E-01  2.168825899E-01  2.332661649E-01  4.853823569E+01 
       309  9.036350913E-02  2.174281326E-01  2.332807842E-01  3.572909678E+01 
       310  1.010215935E-01  1.697807592E-01  2.333214382E-01  1.145917739E+02 
       311  1.156521244E-01  2.148496287E-01  2.334786146E-01  5.853178314E+01 
       312  9.236196842E-02  1.744687176E-01  2.337906406E-01  1.169289244E+02 
       313  1.259473711E-01  1.773265905E-01  2.339592582E-01 -4.979906310E+01 
       314  1.039348853E-01  2.161666109E-01  2.340049469E-01  5.352802139E+01 
       315  9.616224780E-02  1.736149590E-01  2.344180068E-01  1.228267106E+02 
       316  1.173894404E-01  1.664442608E-01  2.345995468E-01  1.729420729E+01 
       317  1.204406339E-01  1.694936044E-01  2.346430526E-01  3.722056934E+00 
       318  1.123520645E-01  2.148667754E-01  2.346754368E-01  5.943916834E+01 
       319  8.883032928E-02  1.777769813E-01  2.349487747E-01  1.232068344E+02 
       320  1.186581822E-01  2.121300447E-01  2.350446411E-01  5.314233067E+01 
       321  1.127709307E-01  1.670638692E-01  2.352075395E-01  1.167777371E+02 
       322  1.064579501E-01  1.700155332E-01  2.352270147E-01  1.233884755E+02 
       323  1.036908279E-01  1.713929142E-01  2.352934312E-01  1.275056951E+02 
       324  9.109812673E-02  1.773642464E-01  2.353901297E-01  1.260878667E+02 
       325  1.170111527E-01  1.657670487E-01  2.356692071E-01  5.117750408E+01 
       326  1.158688624E-01  1.670648839E-01  2.362015135E-01  1.112200013E+02 
       327  1.284031224E-01  1.879484261E-01  2.363958322E-01 -8.803052278E+00 
       328  1.268595036E-01  1.803726527E-01  2.365223927E-01 -3.058140645E+01 
       329  9.227298951E-02  2.150071204E-01  2.365425419E-01  3.755515435E+01 
       330  1.258269239E-01  1.774072334E-01  2.365664133E-01 -3.636433613E+01 
       331  1.245857307E-01  1.752093767E-01  2.365770545E-01 -2.560921190E+01 
       332  1.263658261E-01  2.012419970E-01  2.366476840E-01  1.534469638E+01 
       333  1.096628900E-01  1.707442523E-01  2.367591253E-01  1.263141623E+02 
       334  9.840318272E-02  1.759713932E-01  2.367679753E-01  1.362649145E+02 
       335  1.238078791E-01  2.056189140E-01  2.369529385E-01  2.953722459E+01 
       336  1.282599232E-01  1.935435796E-01  2.370603816E-01 -2.480558086E+00 
       337  9.669521312E-02  2.143427937E-01  2.371352131E-01  4.410791767E+01 
       338  1.027740632E-01  1.747193193E-01  2.373025198E-01  1.378426865E+02 
       339  9.269145182E-02  1.797768350E-01  2.375713361E-01  1.366590386E+02 
       340  1.054432082E-01  2.132887148E-01  2.379413239E-01  5.250602297E+01 
       341  1.167133320E-01  1.692208848E-01  2.379649707E-01  1.101635446E+02 
       342  1.104587168E-01  2.126083137E-01  2.380818026E-01  5.551824053E+01 
       343  8.882541799E-02  1.823909394E-01  2.381416538E-01  1.381585893E+02 
       344  1.181434185E-01  2.096613678E-01  2.382272720E-01  4.851041003E+01 
       345  9.698821316E-02  1.788953313E-01  2.383386791E-01  1.425037617E+02 
       346  1.106301338E-01  1.726519866E-01  2.383900592E-01  1.327215098E+02 
       347  1.217440182E-01  1.701337577E-01  2.384228758E-01 -4.892068896E+01 
       348  1.268881406E-01  1.816494275E-01  2.386751842E-01 -1.833916573E+01 
       349  9.125867054E-02  1.820857779E-01  2.387105390E-01  1.413606714E+02 
       350  1.240336097E-01  1.740023361E-01  2.387573807E-01 -5.482703830E+01 
       351  1.216365070E-01  2.061442228E-01  2.389757546E-01  3.639831917E+01 
       352  1.271923428E-01  1.946974171E-01  2.391184328E-01 -1.141893064E+00 
       353  1.274708115E-01  1.858680522E-01  2.392120520E-01 -8.574114926E+00 
       354  1.142859123E-01  1.723728893E-01  2.393689594E-01  1.248646705E+02 
       355  1.050910590E-01  1.767219371E-01  2.394319110E-01  1.438819797E+02 
       356  1.258425149E-01  1.986664947E-01  2.394343324E-01  7.721886683E+00 
       357  1.213189141E-01  1.693955228E-01  2.395625415E-01  1.274540987E+01 
       358  1.205404844E-01  1.699224608E-01  2.396777815E-01  1.025582611E+02 
       359  1.115019563E-01  2.111930557E-01  2.397826736E-01  5.200247629E+01 
       360  1.087191593E-01  1.758362873E-01  2.399819922E-01  1.408893786E+02 
       361  1.156076080E-01  2.094935724E-01  2.402206310E-01  4.951288583E+01 
       362  9.849513042E-02  2.120450167E-01  2.402318963E-01  4.255821525E+01 
       363  8.633086998E-02  2.125616283E-01  2.404477736E-01  2.921785537E+01 
       364  1.029686011E-01  2.115074002E-01  2.406421325E-01  4.607610374E+01 
       365  8.862163886E-02  2.122213624E-01  2.407493405E-01  3.133657098E+01 
       366  9.932393257E-02  1.818728079E-01  2.411490139E-01  1.512407397E+02 
       367  9.261545466E-02  1.852117920E-01  2.413098423E-01  1.506557124E+02 
       368  1.161315077E-01  1.746281987E-01  2.415221560E-01  1.235144720E+02 
       369  8.830533510E-02  1.877472439E-01  2.416833222E-01  1.511725642E+02 
       370  1.033030902E-01  1.808575821E-01  2.417219422E-01  1.510290926E+02 
       371  1.201405076E-01  1.731856222E-01  2.418087767E-01  1.050557849E+02 
       372  1.244831517E-01  1.751936175E-01  2.421478212E-01 -7.392708683E+01 
       373  9.058141899E-02  1.876228999E-01  2.423270022E-01  1.544877609E+02 
       374  1.208828481E-01  2.034931604E-01  2.423755386E-01  2.648875725E+01 
       375  9.746921771E-02  1.847355663E-01  2.425363664E-01  1.558378277E+02 
       376  1.113828936E-01  1.783527153E-01  2.425782901E-01  1.431697758E+02 
       377  1.232974349E-01  1.997647263E-01  2.426519436E-01  1.213263489E+01 
       378  1.265280369E-01  1.875213423E-01  2.426863478E-01 -2.616598762E+00 
       379  1.256540999E-01  1.793485680E-01  2.427744929E-01 -4.672322010E+01 
       380  1.152261760E-01  1.770317947E-01  2.428960052E-01  1.335466907E+02 
       381  1.258924814E-01  1.918561008E-01  2.431703414E-01 -1.485249059E+00 
       382  9.033860658E-02  2.102300142E-01  2.434208711E-01  2.674431004E+01 
       383  1.223870447E-01  1.747153340E-01  2.435881643E-01  1.014157644E+02 
       384  1.239091867E-01  1.741545462E-01  2.436879422E-01  4.873036624E+00 
       385  1.085845797E-01  2.087765821E-01  2.437930542E-01  4.515168617E+01 
       386  1.049015438E-01  2.090792986E-01  2.438798881E-01  4.221245966E+01 
       387  1.154268915E-01  2.064474876E-01  2.439412661E-01  4.095844237E+01 
       388  9.548892067E-02  2.094747240E-01  2.440851760E-01  3.292004110E+01 
       389  1.062604312E-01  1.832042687E-01  2.442948574E-01  1.541246193E+02 
       390  1.102790802E-01  1.814792789E-01  2.443890450E-01  1.491568338E+02 
       391  1.179646287E-01  2.039932062E-01  2.446816570E-01  2.986755571E+01 
       392  1.173626151E-01  1.786957806E-01  2.447330541E-01  1.283095739E+02 
       393  9.868721934E-02  1.873585227E-01  2.447428815E-01  1.623944146E+02 
       394  1.213833713E-01  1.773378352E-01  2.450820413E-01  1.085460806E+02 
       395  8.692541682E-02  1.941175475E-01  2.456513451E-01  1.596954475E+02 
       396  1.252811979E-01  1.808818792E-01  2.458181913E-01 -4.570603924E+01 
       397  9.220663618E-02  1.920156531E-01  2.458893949E-01  1.639151635E+02 
       398  1.241565131E-01  1.932128363E-01  2.459107682E-01 -2.189333875E+00 
       399  1.224346297E-01  1.971531985E-01  2.459420191E-01  2.568327745E+00 
       400  1.111564094E-01  2.063485545E-01  2.460024400E-01  3.950558229E+01 
       401  1.054570705E-01  1.862569002E-01  2.461507577E-01  1.596204963E+02 
       402  1.253017698E-01  1.849478237E-01  2.463489724E-01 -2.052446234E+01 
       403  9.689143652E-02  2.077565126E-01  2.463963992E-01  2.686178225E+01 
       404  1.029418420E-01  1.878532975E-01  2.464495734E-01  1.637253357E+02 
       405  9.532401200E-02  1.915520740E-01  2.465679444E-01  1.674321606E+02 
       406  8.994488276E-02  1.942497712E-01  2.467110044E-01  1.657391165E+02 
       407  1.167099742E-01  1.820197710E-01  2.468251553E-01  1.352864367E+02 
       408  1.026628745E-01  2.070847718E-01  2.468587146E-01  3.282493092E+01 
       409  1.138128815E-01  1.836410623E-01  2.470187714E-01  1.461694613E+02 
       410  1.234252356E-01  1.797202915E-01  2.473862011E-01  1.100198961E+02 
       411  1.245798888E-01  1.795946042E-01  2.476693939E-01  2.017346336E+01 
       412  1.172383889E-01  2.014513129E-01  2.478916276E-01  1.635898246E+01 
       413  8.393629425E-02  2.072615365E-01  2.480983924E-01  2.515070614E+01 
       414  1.106101082E-01  2.046472126E-01  2.483823410E-01  2.774435823E+01 
       415  1.199136872E-01  1.980516886E-01  2.484552431E-01  3.211821691E+00 
       416  8.681715279E-02  2.068072675E-01  2.485147518E-01  1.165005410E+01 
       417  1.035375628E-01  2.056972493E-01  2.487395075E-01  2.492266118E+01 
       418  1.206601266E-01  1.831605882E-01  2.488815149E-01  1.223903552E+02 
       419  1.131553026E-01  1.868293705E-01  2.490153484E-01  1.502700109E+02 
       420  1.098614212E-01  1.884741274E-01  2.490979897E-01  1.586268228E+02 
       421  1.240136794E-01  1.865276761E-01  2.493217489E-01 -3.052677580E+01 
       422  1.026878528E-01  1.922235641E-01  2.493938765E-01  1.677575087E+02 
       423  9.871690153E-02  1.942827578E-01  2.495463669E-01  1.708979496E+02 
       424  1.229641683E-01  1.905484473E-01  2.495506141E-01 -2.141594867E+01 
       425  8.426289072E-02  2.012481381E-01  2.497345093E-01  1.469107669E+02 
       426  1.082288628E-01  2.042545463E-01  2.498594908E-01  2.226662273E+01 
       427  1.143651967E-01  2.017209630E-01  2.498904131E-01  1.580323518E+01 
       428  9.059248995E-02  1.989063910E-01  2.501426345E-01  1.698529126E+02 
       429  8.795036033E-02  2.055600040E-01  2.501835542E-01  3.846431567E+00 
       430  1.211728276E-01  1.848754244E-01  2.502331604E-01  1.230094188E+02 
       431  1.149917482E-01  1.877678133E-01  2.502538856E-01  1.439313604E+02 
       432  9.476988341E-02  2.050701638E-01  2.503445251E-01  9.619723295E+00 
       433  1.089857843E-01  1.913136992E-01  2.507832059E-01  1.608622559E+02 
       434  1.053413097E-01  1.931468364E-01  2.508838641E-01  1.657905864E+02 
       435  1.196156492E-01  1.865951910E-01  2.509245632E-01  1.299289518E+02 
       436  8.707442615E-02  2.017108584E-01  2.509563184E-01  1.589286101E+02 
       437  1.233036670E-01  1.852105584E-01  2.511483895E-01  4.472867960E+01 
       438  8.263605833E-02  2.047972162E-01  2.516700962E-01  8.198554744E+01 
       439  1.189074773E-01  1.955071634E-01  2.518021241E-01 -2.489080296E+01 
       440  9.789904095E-02  1.979813765E-01  2.518448647E-01  1.709365063E+02 
       441  1.209004290E-01  1.918197404E-01  2.520868363E-01 -3.596664082E+01 
       442  1.013329933E-01  2.034495834E-01  2.521179866E-01  4.217496294E+00 
       443  9.574824429E-02  1.995401930E-01  2.522345062E-01  1.713619890E+02 
       444  8.743247437E-02  2.038880923E-01  2.525785160E-01  8.251251716E+01 
       445  9.640149278E-02  2.033676916E-01  2.526158130E-01 -5.737698753E-01 
       446  1.135035463E-01  1.994448498E-01  2.529766404E-01 -1.006958729E+01 
       447  1.155514719E-01  1.917218917E-01  2.531709391E-01  1.427585360E+02 
       448  1.078004562E-01  2.017351709E-01  2.532311993E-01 -9.029648729E-01 
       449  1.122000444E-01  1.939182418E-01  2.536170226E-01  1.530900905E+02 
       450  1.053704066E-01  1.970884492E-01  2.536221543E-01  1.620923645E+02 
       451  1.202179251E-01  1.905138739E-01  2.538307541E-01  5.846046882E+01 
       452  1.162629583E-01  1.962731310E-01  2.538917550E-01 -2.916597883E+01 
       453  1.141940844E-01  1.935558483E-01  2.540054600E-01  1.459584746E+02 
       454  1.032836346E-01  1.988104565E-01  2.541453087E-01  1.648886039E+02 
       455  9.592758971E-02  2.022779150E-01  2.541874592E-01  7.910880420E+01 
       456  1.105890710E-01  1.995764135E-01  2.545680694E-01 -1.420739823E+01 
       457  1.037933845E-01  2.011997306E-01  2.547464121E-01 -6.094959571E+00 
       458  1.095220578E-01  1.972205394E-01  2.550447281E-01  1.551891472E+02 
       459  1.035568463E-01  2.006178997E-01  2.554842831E-01  7.384328703E+01 
       460  1.156495895E-01  1.950295033E-01  2.554924119E-01  5.815648902E+01 
       461  1.100513917E-01  1.983867630E-01  2.560218765E-01  5.948323789E+01 
