nodenumber     x-coordinate     y-coordinate     z-coordinate         pressure 
         1  5.847885832E-02 -1.255195579E-02 -5.712442919E-02 -7.656407074E+01 
         2  6.138667287E-02 -1.150969767E-02 -5.608217107E-02 -9.442787577E+01 
         3  5.787484433E-02 -1.012973396E-02 -5.470220736E-02 -8.805381287E+01 
         4  5.850313794E-02 -1.530275156E-02 -5.456835961E-02 -4.875698165E+01 
         5  6.056431192E-02 -9.927500637E-03 -5.449997404E-02 -1.087583747E+02 
         6  6.759118459E-02 -9.285793225E-03 -5.385826662E-02 -6.919539680E+01 
         7  5.790703217E-02 -1.211335987E-02 -5.297674368E-02 -4.901604125E+01 
         8  5.814736236E-02 -1.409816743E-02 -5.291948000E-02 -4.838480513E+01 
         9  6.694139547E-02 -8.158313377E-03 -5.273078678E-02 -6.904882048E+01 
        10  6.176146581E-02 -8.007156001E-03 -5.257962940E-02 -8.452810783E+01 
        11  7.328993981E-02 -7.243169603E-03 -5.181564300E-02 -6.341978779E+01 
        12  7.249469435E-02 -6.037854523E-03 -5.061032792E-02 -6.330338288E+01 
        13  6.063473944E-02 -5.894926098E-03 -5.046739950E-02 -8.613961522E+01 
        14  5.680977656E-02 -5.858595393E-03 -5.043106879E-02 -7.435398299E+01 
        15  6.892863750E-02 -5.721787942E-03 -5.029426134E-02 -6.650652043E+01 
        16  5.900519759E-02 -5.370601626E-03 -4.994307503E-02 -9.311696343E+01 
        17  7.858070653E-02 -5.346782386E-03 -4.991925579E-02 -6.063054777E+01 
        18  5.682586599E-02 -7.098032328E-03 -4.932067429E-02 -4.810061409E+01 
        19  6.816129249E-02 -4.644345601E-03 -4.921681900E-02 -6.661439492E+01 
        20  5.700026492E-02 -8.816315320E-03 -4.900114226E-02 -4.733012750E+01 
        21  5.855635027E-02 -2.133162957E-02 -4.896625882E-02 -4.500016708E+01 
        22  7.439902375E-02 -4.373696719E-03 -4.894617012E-02 -6.145088019E+01 
        23  6.367100407E-02 -3.777128865E-03 -4.834960226E-02 -7.027557776E+01 
        24  8.363384761E-02 -3.535566729E-03 -4.810804013E-02 -6.056443730E+01 
        25  5.783236865E-02 -1.657410452E-02 -4.791716388E-02 -4.599861822E+01 
        26  7.951914200E-02 -2.909964803E-03 -4.748243820E-02 -6.086861229E+01 
        27  5.821426553E-02 -2.008330599E-02 -4.747092739E-02 -4.438500757E+01 
        28  8.308446369E-02 -2.812811803E-03 -4.738528520E-02 -6.083595404E+01 
        29  5.588734505E-02 -2.159461559E-03 -4.673193496E-02 -6.970593857E+01 
        30  6.938012948E-02 -2.055030192E-03 -4.662750359E-02 -6.413580840E+01 
        31  5.776148600E-02 -1.879723398E-03 -4.645219680E-02 -8.525324767E+01 
        32  7.378145460E-02 -1.801955645E-03 -4.637442905E-02 -6.219665296E+01 
        33  8.858134573E-02 -1.762216736E-03 -4.633469014E-02 -6.022125185E+01 
        34  6.341999223E-02 -1.667684293E-03 -4.624015769E-02 -6.885075238E+01 
        35  7.297238718E-02 -1.394595241E-03 -4.596706864E-02 -6.276232766E+01 
        36  8.387759080E-02 -1.307204591E-03 -4.587967799E-02 -6.089618909E+01 
        37  8.801826010E-02 -1.097660375E-03 -4.567013377E-02 -6.038808739E+01 
        38  5.679770847E-02 -1.054182879E-02 -4.565104892E-02 -4.705898114E+01 
        39  7.792336338E-02 -9.493444307E-04 -4.552181783E-02 -6.165109217E+01 
        40  5.863733700E-02 -9.341610085E-04 -4.550663441E-02 -7.518741233E+01 
        41  5.590738670E-02 -3.596927253E-03 -4.545520993E-02 -4.790436879E+01 
        42  8.340138639E-02 -5.187085874E-04 -4.509118199E-02 -6.118142125E+01 
        43  6.733922778E-02 -5.172860278E-04 -4.508975943E-02 -6.553136168E+01 
        44  6.164221827E-02 -5.138384341E-04 -4.508631183E-02 -6.859100030E+01 
        45  5.711801052E-02 -1.372809352E-02 -4.503373778E-02 -4.664937390E+01 
        46  7.841608747E-02 -1.306720225E-04 -4.470314542E-02 -6.213317505E+01 
        47  9.349853260E-02  2.665260485E-07 -4.457220687E-02 -6.201732159E+01 
        48  8.295974296E-02  1.229962765E-04 -4.444947712E-02 -6.184034977E+01 
        49  7.276092832E-02  1.904743363E-04 -4.438199906E-02 -6.338303228E+01 
        50  6.736955984E-02  2.000544850E-04 -4.437241891E-02 -6.554296644E+01 
        51  8.872424043E-02  4.544835899E-04 -4.411798981E-02 -5.993298465E+01 
        52  9.279384472E-02  7.209979013E-04 -4.385147550E-02 -6.248914523E+01 
        53  9.576341510E-02  8.120749404E-04 -4.376039846E-02 -5.878887996E+01 
        54  7.807463408E-02  8.324508591E-04 -4.374002254E-02 -6.291566861E+01 
        55  6.203375519E-02  8.581349284E-04 -4.371433847E-02 -6.579047366E+01 
        56  5.572399124E-02 -3.918029270E-03 -4.366320496E-02 -4.669478496E+01 
        57  8.822832059E-02  1.193912139E-03 -4.337856126E-02 -6.040209944E+01 
        58  5.860959693E-02 -2.736454214E-02 -4.336040815E-02 -4.354400090E+01 
        59  5.504516308E-02  1.217859439E-03 -4.335461396E-02 -5.981235200E+01 
        60  5.667857802E-02  1.472505169E-03 -4.309996823E-02 -7.002805995E+01 
        61  8.353211457E-02  1.509082638E-03 -4.306339076E-02 -6.181839085E+01 
        62  8.779500010E-02  1.651307577E-03 -4.292116582E-02 -6.108589037E+01 
        63  5.609054951E-02 -7.839659932E-03 -4.268151968E-02 -4.657946276E+01 
        64  8.317608796E-02  2.122405779E-03 -4.245006762E-02 -6.224180615E+01 
        65  5.696578564E-02  2.136903899E-03 -4.243556950E-02 -6.061858019E+01 
        66  5.778559825E-02 -2.192676267E-02 -4.218938914E-02 -4.502963914E+01 
        67  9.360888804E-02  2.384801197E-03 -4.218767220E-02 -6.944925441E+01 
        68  9.528945762E-02  2.712742836E-03 -4.185973056E-02 -6.533268362E+01 
        69  5.462978035E-02  2.883630740E-03 -4.168884266E-02 -4.976585104E+01 
        70  9.578321562E-02 -1.431438898E-03 -4.167569931E-02 -5.254424198E+01 
        71  5.520486356E-02 -1.928918382E-03 -4.148870121E-02 -4.589177799E+01 
        72  5.503283177E-02 -6.344759566E-04 -4.140337631E-02 -4.558694217E+01 
        73  5.813808321E-02 -2.556447287E-02 -4.137874944E-02 -4.399575156E+01 
        74  9.280075817E-02  3.287453101E-03 -4.128502030E-02 -6.914307350E+01 
        75  5.678020434E-02 -1.488612174E-02 -4.116637141E-02 -4.706399191E+01 
        76  9.219461070E-02  3.721311937E-03 -4.085116146E-02 -6.391871307E+01 
        77  8.793577221E-02  4.035769135E-03 -4.053670427E-02 -6.075270684E+01 
        78  9.487277141E-02  4.383741096E-03 -4.018873230E-02 -6.769093159E+01 
        79  5.462978035E-02  1.152790769E-03 -3.995800269E-02 -4.389625977E+01 
        80  9.531809367E-02  5.522542219E-04 -3.992891148E-02 -5.313632767E+01 
        81  5.712076914E-02 -1.899000663E-02 -3.979395251E-02 -4.769263676E+01 
        82  5.581939092E-02 -8.884188139E-03 -3.946218937E-02 -4.667859232E+01 
        83  9.285037541E-02  5.890317259E-03 -3.868215614E-02 -7.844543211E+01 
        84  5.611369210E-02 -1.212816073E-02 -3.857863241E-02 -4.752162105E+01 
        85  9.445011299E-02  6.078680867E-03 -3.849379253E-02 -7.265887732E+01 
        86  9.215483558E-02  6.501008135E-03 -3.807146526E-02 -7.606977070E+01 
        87  5.866163717E-02 -3.326085725E-02 -3.788148682E-02 -4.147597616E+01 
        88  5.495723848E-02 -4.093457333E-03 -3.733810612E-02 -4.534576908E+01 
        89  5.782771736E-02 -2.724506593E-02 -3.720889747E-02 -4.581787811E+01 
        90  5.520470315E-02 -6.439848963E-03 -3.697648115E-02 -4.608293255E+01 
        91  9.582929798E-02 -6.652562643E-03 -3.682417167E-02 -4.837341596E+01 
        92  9.402208775E-02  7.795142609E-03 -3.677733079E-02 -7.050589464E+01 
        93  9.461207603E-02  2.924138812E-03 -3.663825481E-02 -5.326426504E+01 
        94  9.444742958E-02  4.198502492E-03 -3.659209219E-02 -5.455776088E+01 
        95  5.673243589E-02 -1.908551925E-02 -3.658384997E-02 -4.934604796E+01 
        96  5.828205408E-02 -3.179856035E-02 -3.629937025E-02 -4.306372281E+01 
        97  5.462978035E-02 -2.700180870E-03 -3.610503105E-02 -4.396602920E+01 
        98  5.581214726E-02 -1.295063356E-02 -3.533764903E-02 -4.833289384E+01 
        99  9.545348336E-02 -5.252762462E-03 -3.520977097E-02 -4.940790403E+01 
       100  9.402208775E-02  6.045405357E-03 -3.502759354E-02 -5.562067481E+01 
       101  5.599970623E-02 -1.548737154E-02 -3.430521091E-02 -4.941716465E+01 
       102  5.495124801E-02 -7.743678785E-03 -3.363983373E-02 -4.618140289E+01 
       103  5.702528376E-02 -2.451710328E-02 -3.350101871E-02 -5.072797665E+01 
       104  5.676089915E-02 -2.240018645E-02 -3.349746553E-02 -5.112868225E+01 
       105  5.518294577E-02 -1.029373235E-02 -3.294809385E-02 -4.722470821E+01 
       106  9.445869413E-02  1.507862050E-04 -3.263472150E-02 -4.932447156E+01 
       107  5.871262750E-02 -3.903817098E-02 -3.251314252E-02 -3.424508482E+01 
       108  5.462978035E-02 -6.381185279E-03 -3.242402664E-02 -4.464681528E+01 
       109  9.497752657E-02 -4.496407793E-03 -3.214877183E-02 -4.679835164E+01 
       110  5.789248816E-02 -3.334977211E-02 -3.162368759E-02 -4.448412042E+01 
       111  9.588356585E-02 -1.280092481E-02 -3.111104548E-02 -4.406039424E+01 
       112  9.492014439E-02 -5.114826578E-03 -3.107012698E-02 -4.461283665E+01 
       113  5.567678005E-02 -1.614932260E-02 -3.105325773E-02 -5.011739756E+01 
       114  9.402208775E-02  2.020818345E-03 -3.100300653E-02 -4.887524978E+01 
       115  5.826286597E-02 -3.730041325E-02 -3.064363091E-02 -3.880749017E+01 
       116  5.685452012E-02 -2.632847153E-02 -3.032005640E-02 -5.357619117E+01 
       117  5.597373529E-02 -1.959673271E-02 -2.998754556E-02 -5.170487626E+01 
       118  5.491743266E-02 -1.123763867E-02 -2.987466567E-02 -4.710694352E+01 
       119  9.560007094E-02 -1.178232161E-02 -2.985590628E-02 -4.386850603E+01 
       120  5.732729591E-02 -3.100044285E-02 -2.943994323E-02 -5.218034004E+01 
       121  5.516202579E-02 -1.402419435E-02 -2.904984807E-02 -4.837195113E+01 
       122  5.462978035E-02 -1.005552929E-02 -2.874968263E-02 -4.512496549E+01 
       123  5.575834446E-02 -2.010443212E-02 -2.775232735E-02 -5.254714238E+01 
       124  9.439946104E-02 -4.294131569E-03 -2.771473331E-02 -4.320801687E+01 
       125  5.876310374E-02 -4.475712063E-02 -2.719903104E-02 -2.018188968E+01 
       126  5.793852119E-02 -3.882654451E-02 -2.651612342E-02 -3.906560163E+01 
       127  9.402208775E-02 -2.640608126E-03 -2.634158006E-02 -4.316592412E+01 
       128  5.489716903E-02 -1.480918350E-02 -2.614059630E-02 -4.819003611E+01 
       129  5.607611460E-02 -2.434062968E-02 -2.606477334E-02 -5.627536275E+01 
       130  5.591294860E-02 -2.324817208E-02 -2.584857297E-02 -5.499889593E+01 
       131  5.689698467E-02 -3.114815294E-02 -2.584096895E-02 -5.602658833E+01 
       132  5.836132528E-02 -4.319329226E-02 -2.554043485E-02 -2.796370495E+01 
       133  5.511051816E-02 -1.722783329E-02 -2.543309608E-02 -4.995556902E+01 
       134  5.462978035E-02 -1.372678715E-02 -2.507842477E-02 -4.572552074E+01 
       135  9.594547464E-02 -1.981522352E-02 -2.459328082E-02 -4.319754102E+01 
       136  5.614024300E-02 -2.687314217E-02 -2.404660064E-02 -5.853195177E+01 
       137  9.575454276E-02 -1.909248593E-02 -2.378466909E-02 -4.304413713E+01 
       138  5.688587553E-02 -3.340550442E-02 -2.349451864E-02 -5.796065688E+01 
       139  5.721440720E-02 -3.620688248E-02 -2.332809828E-02 -5.228363477E+01 
       140  9.493464026E-02 -1.302551705E-02 -2.327569744E-02 -4.250899407E+01 
       141  9.499337087E-02 -1.401005958E-02 -2.276219806E-02 -4.236223231E+01 
       142  5.484637944E-02 -1.826809512E-02 -2.227433259E-02 -5.057019822E+01 
       143  9.436480461E-02 -9.481164060E-03 -2.224974313E-02 -4.214544078E+01 
       144  5.881302607E-02 -5.041318626E-02 -2.194335197E-02 -1.450591828E+01 
       145  5.516504390E-02 -2.126270590E-02 -2.183554083E-02 -5.360890026E+01 
       146  5.462978035E-02 -1.739686288E-02 -2.140834904E-02 -4.740622600E+01 
       147  5.801160342E-02 -4.466608612E-02 -2.126272311E-02 -2.857977252E+01 
       148  9.402208775E-02 -8.066591961E-03 -2.091559622E-02 -4.077796605E+01 
       149  5.578034681E-02 -2.714423092E-02 -2.088899920E-02 -6.067531222E+01 
       150  5.839670158E-02 -4.876167765E-02 -2.025576664E-02 -2.299593083E+01 
       151  5.607700095E-02 -3.073757332E-02 -1.967494610E-02 -6.218818458E+01 
       152  5.503125042E-02 -2.264925425E-02 -1.937591207E-02 -5.477118911E+01 
       153  5.688182418E-02 -3.792156895E-02 -1.894595871E-02 -5.827980268E+01 
       154  5.523247067E-02 -2.475925753E-02 -1.887977914E-02 -5.850622971E+01 
       155  5.722914255E-02 -4.162001209E-02 -1.803314257E-02 -5.096348620E+01 
       156  5.462978035E-02 -2.103942739E-02 -1.776578453E-02 -5.085230953E+01 
       157  9.601107255E-02 -2.724770440E-02 -1.768693741E-02 -4.755219935E+01 
       158  5.589329622E-02 -3.152555579E-02 -1.741357160E-02 -6.542612265E+01 
       159  9.529941122E-02 -2.212262209E-02 -1.710420802E-02 -4.419299257E+01 
       160  5.886198850E-02 -5.596065702E-02 -1.678857940E-02 -2.403538014E+01 
       161  5.618061221E-02 -3.506701272E-02 -1.617650392E-02 -6.643090173E+01 
       162  5.803179856E-02 -5.031955827E-02 -1.577121575E-02 -2.968528582E+01 
       163  9.422491020E-02 -1.491797110E-02 -1.569093197E-02 -4.278980847E+01 
       164  5.496674542E-02 -2.599232665E-02 -1.551548529E-02 -6.035079234E+01 
       165  5.841266014E-02 -5.413344955E-02 -1.501199373E-02 -2.977977921E+01 
       166  9.476284716E-02 -1.999010090E-02 -1.493327325E-02 -4.422730266E+01 
       167  9.402208775E-02 -1.410358446E-02 -1.487860372E-02 -4.171058676E+01 
       168  5.520263357E-02 -2.880093695E-02 -1.459879100E-02 -6.454291945E+01 
       169  5.462978035E-02 -2.464345333E-02 -1.416175859E-02 -5.598010350E+01 
       170  5.686691850E-02 -4.280760380E-02 -1.394036327E-02 -5.537168223E+01 
       171  5.590469861E-02 -3.547918799E-02 -1.355138613E-02 -7.175362308E+01 
       172  5.727421127E-02 -4.733705876E-02 -1.267756246E-02 -4.604712774E+01 
       173  5.595049458E-02 -3.687513017E-02 -1.252274917E-02 -7.297126196E+01 
       174  5.648016676E-02 -4.127319782E-02 -1.237286819E-02 -6.702935176E+01 
       175  5.498248496E-02 -2.958934618E-02 -1.204469738E-02 -6.773049179E+01 
       176  5.890992212E-02 -6.139173111E-02 -1.174196482E-02 -5.111702806E+01 
       177  9.529315878E-02 -2.779985220E-02 -1.137684091E-02 -5.116679269E+01 
       178  9.607458328E-02 -3.444337692E-02 -1.100063896E-02 -5.367530176E+01 
       179  5.516522205E-02 -3.213122010E-02 -1.096844975E-02 -7.303469953E+01 
       180  5.462978035E-02 -2.819368460E-02 -1.061152732E-02 -6.435118112E+01 
       181  9.426473388E-02 -2.110306106E-02 -9.825248325E-03 -4.716513278E+01 
       182  5.893175676E-02 -6.386564638E-02 -9.443175265E-03  1.095392785E+01 
       183  9.476451657E-02 -2.568505240E-02 -9.251715350E-03 -5.093496597E+01 
       184  5.801617286E-02 -5.676193926E-02 -9.203517469E-03 -6.547054655E+01 
       185  5.824333659E-02 -5.865503385E-02 -9.132367623E-03 -9.356641123E+01 
       186  9.402208775E-02 -2.017218750E-02 -8.810000681E-03 -4.759752718E+01 
       187  5.553435851E-02 -3.725198351E-02 -8.808310855E-03 -7.685640910E+01 
       188  5.687617693E-02 -4.819927409E-02 -8.622957164E-03 -4.778063016E+01 
       189  6.193663136E-02 -6.278859910E-02 -8.366127977E-03  9.178942467E+01 
       190  5.491456004E-02 -3.280864745E-02 -8.280613487E-03 -7.835696957E+01 
       191  5.595537437E-02 -4.123104320E-02 -8.205969155E-03 -7.111393257E+01 
       192  5.513982140E-02 -3.566528107E-02 -7.230665346E-03 -8.192449085E+01 
       193  5.462978035E-02 -3.171300731E-02 -7.092204608E-03 -7.662169435E+01 
       194  5.588265931E-02 -4.208893325E-02 -6.764874060E-03 -6.806436434E+01 
       195  9.545291558E-02 -3.375971249E-02 -6.698274087E-03 -5.889400010E+01 
       196  5.734798707E-02 -5.394362869E-02 -6.662708216E-03 -7.467303897E+01 
       197  5.819344273E-02 -6.090485292E-02 -6.482381803E-03 -1.407106398E+01 
       198  6.077120322E-02 -6.078975737E-02 -6.367286249E-03  9.216970037E+01 
       199  5.623257262E-02 -4.562525244E-02 -6.035008012E-03 -5.681834495E+01 
       200  6.885029167E-02 -6.031051177E-02 -5.888040649E-03  1.393358175E+02 
       201  9.613377583E-02 -4.114986190E-02 -4.768897037E-03 -4.904291824E+01 
       202  9.433368934E-02 -2.683170152E-02 -4.649655977E-03 -6.114837204E+01 
       203  5.489987633E-02 -3.632670566E-02 -4.644783669E-03 -8.539841308E+01 
       204  6.250896836E-02 -5.867829903E-02 -4.255827909E-03  1.108770959E+02 
       205  9.462492803E-02 -2.990925565E-02 -3.907950703E-03 -6.734124757E+01 
       206  6.759158363E-02 -5.828649605E-02 -3.864024935E-03  1.357036228E+02 
       207  9.551101362E-02 -3.717091280E-02 -3.753038396E-03 -6.058306913E+01 
       208  9.583053127E-02 -3.981152840E-02 -3.675086538E-03 -5.336071850E+01 
       209  5.517543113E-02 -3.954387120E-02 -3.637677812E-03 -8.091845018E+01 
       210  5.462978035E-02 -3.533140552E-02 -3.473806404E-03 -8.761626192E+01 
       211  9.402208775E-02 -2.567178544E-02 -3.310402744E-03 -6.652152628E+01 
       212  7.666310817E-02 -5.751013739E-02 -3.087666269E-03  1.702831129E+02 
       213  5.684814178E-02 -5.381759202E-02 -2.779782015E-03 -9.400654742E+01 
       214  5.584705008E-02 -4.629690632E-02 -2.271304808E-03 -5.661175719E+01 
       215  5.462978035E-02 -3.707532545E-02 -1.729886469E-03 -8.964890050E+01 
       216  5.494480721E-02 -4.028566488E-02 -1.046188319E-03 -7.370140046E+01 
       217  5.683275113E-02 -5.544820071E-02 -1.025729593E-03 -1.389972252E+01 
       218  7.004871846E-02 -5.542058545E-02 -9.981143260E-04  1.502285304E+02 
       219  7.505068654E-02 -5.522146916E-02 -7.989980362E-04  1.656686228E+02 
       220  5.953528106E-02 -5.517488464E-02 -7.524135247E-04  9.979447970E+01 
       221  5.600859795E-02 -4.941606957E-02 -4.478223387E-04 -7.914068895E+01 
       222  8.487623767E-02 -5.456627810E-02 -1.438069769E-04  1.766434583E+02 
       223  5.519028305E-02 -4.321336039E-02 -8.730740601E-05 -6.313514301E+01 
       224  9.428574286E-02 -3.127193473E-02  1.751296703E-04 -7.766755711E+01 
       225  5.462978035E-02 -3.916378467E-02  3.585727462E-04 -1.047261419E+02 
       226  9.551540689E-02 -4.137986671E-02  4.206685462E-04 -5.067957255E+01 
       227  9.460551070E-02 -3.433309147E-02  6.716238758E-04 -7.651785280E+01 
       228  9.619044773E-02 -4.757100781E-02  1.197702918E-03 -2.830512356E+01 
       229  9.402208775E-02 -3.034040237E-02  1.358214187E-03 -9.030048684E+01 
       230  8.360334119E-02 -5.298215116E-02  1.440319956E-03  1.736145883E+02 
       231  6.108819800E-02 -5.284036232E-02  1.582108796E-03  1.048948796E+02 
       232  7.756691368E-02 -5.271195194E-02  1.710519180E-03  1.691857566E+02 
       233  5.498990695E-02 -4.350554769E-02  1.811976110E-03 -6.614117945E+01 
       234  5.462978035E-02 -4.096936303E-02  2.164151109E-03 -8.857701402E+01 
       235  6.671648485E-02 -5.200258936E-02  2.419881757E-03  1.318479286E+02 
       236  9.278700215E-02 -5.173079557E-02  2.691675554E-03  1.526122962E+02 
       237  5.482934649E-02 -4.373967572E-02  3.333861082E-03 -6.319672318E+01 
       238  9.445077102E-02 -3.591349089E-02  3.493095985E-03 -7.063284338E+01 
       239  5.546715037E-02 -4.929786446E-02  3.776600032E-03 -9.976758520E+01 
       240  9.621631354E-02 -5.050161566E-02  3.920855463E-03  6.313942903E+01 
       241  8.599839489E-02 -5.039982115E-02  4.022649965E-03  1.672666187E+02 
       242  9.144007189E-02 -5.033884791E-02  4.083623211E-03  1.535259022E+02 
       243  5.414525598E-02 -3.902632509E-02  4.107189050E-03 -5.066276953E+01 
       244  9.470401907E-02 -3.865254358E-02  4.201000520E-03 -5.678064913E+01 
       245  5.546563870E-02 -4.996580688E-02  4.456664240E-03 -2.386531011E+01 
       246  5.487368597E-02 -4.533370534E-02  4.572266179E-03 -8.761628598E+01 
       247  7.624423900E-02 -4.969368432E-02  4.728786799E-03  1.570862590E+02 
       248  5.800611267E-02 -4.965530455E-02  4.767166571E-03  8.791177937E+01 
       249  5.412355346E-02 -3.965101032E-02  4.905936089E-03 -5.347792775E+01 
       250  9.556563971E-02 -4.654468918E-02  5.182605882E-03 -6.236551996E+01 
       251  6.800704202E-02 -4.922697548E-02  5.195495642E-03  1.340986567E+02 
       252  9.402208775E-02 -3.437176104E-02  5.389572861E-03 -1.174208422E+02 
       253  9.309835917E-02 -4.819990195E-02  6.222569173E-03  1.356382264E+02 
       254  7.131653130E-02 -4.818154704E-02  6.240924084E-03  1.456056206E+02 
       255  9.552697338E-02 -4.773721582E-02  6.685255297E-03  2.149547576E+01 
       256  5.932711966E-02 -4.734725357E-02  7.075217545E-03  9.131721384E+01 
       257  9.402208775E-02 -3.605785116E-02  7.075662977E-03 -9.821529628E+01 
       258  8.392600443E-02 -4.676394641E-02  7.658524711E-03  1.559605533E+02 
       259  8.010451702E-02 -4.649459764E-02  7.927873475E-03  1.529442304E+02 
       260  6.373266985E-02 -4.637976518E-02  8.042705942E-03  1.171620557E+02 
       261  5.315244641E-02 -3.504496219E-02  8.088551950E-03 -1.784325710E+01 
       262  9.446852711E-02 -4.067039492E-02  8.107597707E-03 -8.317471431E+01 
       263  9.118549541E-02 -4.560169600E-02  8.820775121E-03  1.272686626E+02 
       264  9.356352379E-02 -3.421891590E-02  8.914598240E-03 -7.975652927E+01 
       265  5.364320138E-02 -3.984499539E-02  8.952533908E-03 -5.224043808E+01 
       266  9.433798383E-02 -4.048930353E-02  8.973516453E-03 -1.026849317E+02 
       267  9.491496647E-02 -4.528293868E-02  9.139532436E-03 -1.446040889E+01 
       268  5.417528832E-02 -4.432584053E-02  9.165825782E-03 -8.380295911E+01 
       269  8.582851623E-02 -4.523171547E-02  9.190755650E-03  1.405308986E+02 
       270  5.417709425E-02 -4.479848566E-02  9.623985463E-03 -1.323238214E+01 
       271  5.623358580E-02 -4.453461035E-02  9.887860772E-03  7.937194898E+01 
       272  7.215596227E-02 -4.390371788E-02  1.051875324E-02  1.397372933E+02 
       273  5.313249787E-02 -3.770743306E-02  1.091101752E-02 -3.805891350E+01 
       274  6.466211025E-02 -4.341376126E-02  1.100870986E-02  1.202307055E+02 
       275  9.289095572E-02 -4.314954764E-02  1.127292348E-02  1.070273799E+02 
       276  9.433444764E-02 -4.295494325E-02  1.146752787E-02 -3.202782906E+01 
       277  7.733039581E-02 -4.294874836E-02  1.147372276E-02  1.430388673E+02 
       278  9.354078491E-02 -3.668093271E-02  1.155899890E-02 -7.691611912E+01 
       279  5.733293099E-02 -4.258001614E-02  1.184245498E-02  8.466573791E+01 
       280  5.298444858E-02 -3.750949415E-02  1.190049616E-02 -4.298336607E+01 
       281  5.216981428E-02 -3.110441059E-02  1.202910355E-02  4.283644511E+00 
       282  8.563427371E-02 -4.209337094E-02  1.232910018E-02  1.258891957E+02 
       283  6.895341985E-02 -4.204860532E-02  1.237386580E-02  1.315793396E+02 
       284  6.132322387E-02 -4.153470383E-02  1.288776729E-02  1.066088513E+02 
       285  9.255227766E-02 -3.016361258E-02  1.296990156E-02 -5.680512394E+01 
       286  5.216266475E-02 -3.208551579E-02  1.306755422E-02  2.154723526E+00 
       287  7.836043627E-02 -4.132041796E-02  1.310205316E-02  1.382424344E+02 
       288  5.252946142E-02 -3.536890212E-02  1.340909051E-02 -2.065833308E+01 
       289  9.322480898E-02 -3.606498558E-02  1.347730475E-02 -8.531442779E+01 
       290  9.026678467E-02 -4.093476939E-02  1.348770173E-02  1.030588390E+02 
       291  8.331551153E-02 -4.059038303E-02  1.383208809E-02  1.294652193E+02 
       292  5.298598995E-02 -4.002191217E-02  1.440055895E-02 -1.384908874E+00 
       293  5.447276981E-02 -3.983016802E-02  1.459230310E-02  7.838981196E+01 
       294  6.930416651E-02 -3.923147032E-02  1.519100080E-02  1.274316452E+02 
       295  9.254461791E-02 -3.259622704E-02  1.546394818E-02 -6.827740334E+01 
       296  9.102836816E-02 -3.877893322E-02  1.564353790E-02  9.091018700E+01 
       297  7.649171880E-02 -3.874354675E-02  1.567892437E-02  1.324695773E+02 
       298  9.322702112E-02 -3.851394643E-02  1.590852469E-02 -6.431842192E+00 
       299  5.119721080E-02 -2.720407378E-02  1.592944035E-02  1.307920192E+01 
       300  6.162097966E-02 -3.819173253E-02  1.623073859E-02  1.049867613E+02 
       301  7.148092967E-02 -3.802803624E-02  1.639443488E-02  1.286791961E+02 
       302  8.448508119E-02 -3.757791200E-02  1.684455912E-02  1.156323978E+02 
       303  5.119601477E-02 -2.812176243E-02  1.685672244E-02  1.081489038E+01 
       304  5.136623371E-02 -2.961059699E-02  1.698033384E-02  8.457509626E+00 
       305  5.638291011E-02 -3.740013774E-02  1.702233338E-02  8.595430773E+01 
       306  9.150223265E-02 -2.595271597E-02  1.718079816E-02 -3.809942224E+01 
       307  6.367968940E-02 -3.700996504E-02  1.741250608E-02  1.148215456E+02 
       308  8.891646385E-02 -3.700767832E-02  1.741479280E-02  9.416059330E+01 
       309  9.214125292E-02 -3.175937428E-02  1.786224512E-02 -7.601212925E+01 
       310  5.186790561E-02 -3.493954977E-02  1.828568672E-02 -2.159713941E+01 
       311  7.860710332E-02 -3.595306172E-02  1.846940940E-02  1.261325569E+02 
       312  8.227828619E-02 -3.562725908E-02  1.879521204E-02  1.176936220E+02 
       313  5.136185906E-02 -3.144620757E-02  1.885103562E-02 -7.403116384E+00 
       314  5.186732548E-02 -3.553583987E-02  1.888663125E-02  2.158590376E+01 
       315  5.500153581E-02 -3.514745940E-02  1.927501172E-02  8.042446946E+01 
       316  9.149707206E-02 -2.835124343E-02  1.962071005E-02 -5.960699974E+01 
       317  6.389549903E-02 -3.476132425E-02  1.966114687E-02  1.103742422E+02 
       318  5.050167719E-02 -2.335392798E-02  1.977958616E-02  2.431886172E+01 
       319  8.996596403E-02 -3.443101953E-02  1.999145159E-02  8.430318669E+01 
       320  7.152970340E-02 -3.436061736E-02  2.006185376E-02  1.217005808E+02 
       321  9.214249465E-02 -3.416478133E-02  2.025768979E-02 -8.599145505E+00 
       322  5.577685241E-02 -3.372500486E-02  2.069746626E-02  8.600545078E+01 
       323  5.042944909E-02 -2.455258465E-02  2.096269310E-02  2.352834978E+01 
       324  7.578411352E-02 -3.330607178E-02  2.111639934E-02  1.204650762E+02 
       325  9.123839267E-02 -2.779225843E-02  2.113644044E-02 -5.864260542E+01 
       326  5.051457483E-02 -2.566496631E-02  2.122303258E-02  1.657964860E+01 
       327  8.357587962E-02 -3.303765030E-02  2.138482082E-02  1.037061584E+02 
       328  9.042910393E-02 -2.164925040E-02  2.148426373E-02 -2.231902751E+01 
       329  6.857454112E-02 -3.285657977E-02  2.156589135E-02  1.159957921E+02 
       330  8.789262373E-02 -3.261488999E-02  2.180758113E-02  8.670713675E+01 
       331  6.049001065E-02 -3.260104220E-02  2.182142892E-02  1.005384990E+02 
       332  5.084540081E-02 -3.055287596E-02  2.242338454E-02 -6.286278444E-02 
       333  9.043138436E-02 -2.265080212E-02  2.246752586E-02 -3.210011027E+01 
       334  5.049098202E-02 -2.694300361E-02  2.269509114E-02  1.763332713E+01 
       335  7.672438767E-02 -3.147462601E-02  2.294784511E-02  1.141953344E+02 
       336  5.085326808E-02 -3.126546458E-02  2.315700654E-02  3.375610734E+01 
       337  8.168760659E-02 -3.115568803E-02  2.326678309E-02  1.057603694E+02 
       338  5.326885258E-02 -3.100323208E-02  2.341923904E-02  7.904142113E+01 
       339  6.860294413E-02 -3.097891515E-02  2.344355597E-02  1.123842182E+02 
       340  9.103930769E-02 -2.860306234E-02  2.354398599E-02 -8.211735722E+01 
       341  5.068859831E-02 -1.955364135E-02  2.357987279E-02  5.619504285E+01 
       342  8.901784039E-02 -3.002484928E-02  2.439762184E-02  7.386534563E+01 
       343  9.104432348E-02 -2.976088802E-02  2.466158310E-02 -1.612126345E+01 
       344  6.113319632E-02 -2.973168549E-02  2.469078563E-02  1.023921722E+02 
       345  5.061570613E-02 -2.076160393E-02  2.476788135E-02  4.586381517E+01 
       346  5.393779239E-02 -2.951247976E-02  2.490999136E-02  8.319411294E+01 
       347  7.521591069E-02 -2.942454138E-02  2.499792974E-02  1.114331658E+02 
       348  7.187344793E-02 -2.895895471E-02  2.546351641E-02  1.122705561E+02 
       349  8.278992701E-02 -2.878475935E-02  2.563771177E-02  9.343247912E+01 
       350  6.451950556E-02 -2.877495038E-02  2.564752074E-02  1.084786253E+02 
       351  8.893730764E-02 -1.742048035E-02  2.571303379E-02 -3.281502858E+00 
       352  5.076703824E-02 -2.106296619E-02  2.599499887E-02  6.361621900E+01 
       353  8.708806139E-02 -2.838273474E-02  2.603973637E-02  7.396560835E+01 
       354  5.868947060E-02 -2.825591747E-02  2.616655365E-02  9.597984364E+01 
       355  5.032559655E-02 -2.615571233E-02  2.632484309E-02  3.603661106E+01 
       356  8.885200780E-02 -1.854318014E-02  2.696845603E-02 -1.074121894E+01 
       357  8.145379567E-02 -2.741424982E-02  2.700822130E-02  9.746946233E+01 
       358  8.962277353E-02 -2.191501662E-02  2.706923219E-02 -5.254132351E+01 
       359  7.722434381E-02 -2.729230873E-02  2.713016239E-02  1.068206279E+02 
       360  5.070597610E-02 -2.240002793E-02  2.715848791E-02  6.055367392E+01 
       361  5.222627174E-02 -1.586666390E-02  2.726685024E-02  9.739054484E+01 
       362  5.193169296E-02 -2.713312568E-02  2.728934544E-02  8.220484106E+01 
       363  5.040285676E-02 -2.711929670E-02  2.730317442E-02  5.792926875E+01 
       364  8.921920113E-02 -2.066208566E-02  2.770030539E-02 -4.578501199E+01 
       365  8.983190229E-02 -2.443936638E-02  2.782296764E-02 -8.079325180E+01 
       366  5.216265911E-02 -1.676102474E-02  2.817544582E-02  9.120709245E+01 
       367  5.842900828E-02 -2.601362960E-02  2.840884151E-02  9.736051976E+01 
       368  7.046945661E-02 -2.595785999E-02  2.846461113E-02  1.099454410E+02 
       369  8.797533259E-02 -2.582168383E-02  2.860078729E-02  6.749799625E+01 
       370  6.574605613E-02 -2.573820972E-02  2.868426140E-02  1.082259728E+02 
       371  8.982671485E-02 -2.551040894E-02  2.891206218E-02 -1.907947004E+01 
       372  5.368515045E-02 -2.511352612E-02  2.930894500E-02  8.850052658E+01 
       373  8.240266855E-02 -2.502984536E-02  2.939262576E-02  8.955582289E+01 
       374  8.628439508E-02 -1.367362767E-02  2.945988647E-02  2.365371111E+01 
       375  7.612455233E-02 -2.481808951E-02  2.960438161E-02  1.054583057E+02 
       376  6.474223085E-02 -2.462959797E-02  2.979287315E-02  1.069140712E+02 
       377  6.004024522E-02 -2.450025028E-02  2.992222084E-02  1.029198689E+02 
       378  8.588923448E-02 -2.428053962E-02  3.014193150E-02  7.355996955E+01 
       379  5.282491657E-02 -1.699254539E-02  3.023989747E-02  1.109812779E+02 
       380  8.629666132E-02 -1.462000566E-02  3.039918789E-02  8.901820952E+00 
       381  7.281979192E-02 -2.392227607E-02  3.050019505E-02  1.077239603E+02 
       382  5.524651829E-02 -1.254132256E-02  3.059219158E-02  1.317064472E+02 
       383  5.124722172E-02 -2.230359490E-02  3.059679027E-02  8.798743944E+01 
       384  5.304286377E-02 -2.345163121E-02  3.097083991E-02  9.062112263E+01 
       385  8.608761830E-02 -1.484588522E-02  3.107115720E-02  1.425145416E+01 
       386  7.961281553E-02 -2.311233580E-02  3.131013532E-02  9.699657714E+01 
       387  5.127900381E-02 -2.306916679E-02  3.135330433E-02  8.879899635E+01 
       388  5.519269779E-02 -1.334119705E-02  3.142466217E-02  1.299419599E+02 
       389  5.277406693E-02 -1.845943027E-02  3.167887833E-02  1.120096097E+02 
       390  8.806570870E-02 -2.048275737E-02  3.180804866E-02 -5.323020537E+01 
       391  5.898886199E-02 -2.259514754E-02  3.182732358E-02  1.019819778E+02 
       392  7.232915000E-02 -2.244872421E-02  3.197374691E-02  1.077984325E+02 
       393  6.571785889E-02 -2.220000887E-02  3.222246225E-02  1.091448233E+02 
       394  7.976336298E-02 -2.212943267E-02  3.229303845E-02  9.379733531E+01 
       395  8.628534097E-02 -2.209903686E-02  3.232343426E-02  7.071326009E+01 
       396  5.491380618E-02 -2.201558389E-02  3.240688723E-02  9.663465672E+01 
       397  8.215379615E-02 -1.061816911E-02  3.249307908E-02  6.270616406E+01 
       398  8.798681858E-02 -2.156448507E-02  3.285798605E-02 -2.760861636E+00 
       399  8.659123558E-02 -1.752964188E-02  3.289592795E-02 -2.393064440E+01 
       400  5.968134659E-02 -9.834819829E-03  3.325130850E-02  1.440466861E+02 
       401  6.913566280E-02 -2.117046872E-02  3.325200240E-02  1.101405820E+02 
       402  8.218131189E-02 -1.135039037E-02  3.330250393E-02  5.733952805E+01 
       403  5.634116354E-02 -1.368546026E-02  3.352225318E-02  1.419984178E+02 
       404  8.417392554E-02 -2.085172817E-02  3.357074295E-02  7.826615911E+01 
       405  8.330879225E-02 -1.301129644E-02  3.376189997E-02  3.490375776E+01 
       406  6.033391142E-02 -2.065378654E-02  3.376868458E-02  1.062604239E+02 
       407  7.813071720E-02 -2.046080075E-02  3.396167037E-02  1.012690168E+02 
       408  5.962808326E-02 -1.060614435E-02  3.407981597E-02  1.449294172E+02 
       409  6.319978090E-02 -2.022848140E-02  3.419398972E-02  1.094036527E+02 
       410  7.529248994E-02 -2.009084434E-02  3.433162678E-02  1.069463555E+02 
       411  5.383254724E-02 -1.864428952E-02  3.443910086E-02  1.322059515E+02 
       412  7.693176983E-02 -8.530869681E-03  3.448428170E-02  9.826833699E+01 
       413  5.457893816E-02 -1.967774812E-02  3.474472300E-02  1.000785475E+02 
       414  6.514443785E-02 -8.093898947E-03  3.487402314E-02  1.354901994E+02 
       415  5.630986988E-02 -1.518528737E-02  3.505748136E-02  1.450955633E+02 
       416  5.385048231E-02 -1.932172643E-02  3.510074469E-02  1.163941767E+02 
       417  7.108276180E-02 -7.630327210E-03  3.528889429E-02  1.193491143E+02 
       418  6.079357061E-02 -1.109458206E-02  3.567420310E-02  1.462823370E+02 
       419  8.395291873E-02 -1.868420908E-02  3.573826204E-02  8.283727667E+01 
       420  5.804659011E-02 -1.868026983E-02  3.574220129E-02  1.053947370E+02 
       421  6.909402792E-02 -1.865826357E-02  3.576420755E-02  1.135803879E+02 
       422  8.308295421E-02 -1.479481261E-02  3.584947183E-02  3.081447615E+01 
       423  6.387117845E-02 -1.854675996E-02  3.587571116E-02  1.129080990E+02 
       424  6.511855928E-02 -9.063513442E-03  3.591442407E-02  1.337036313E+02 
       425  7.442955158E-02 -1.840823012E-02  3.601424100E-02  1.113783944E+02 
       426  7.882743835E-02 -1.108259201E-02  3.602551033E-02  7.711090424E+01 
       427  8.492878645E-02 -1.778827104E-02  3.602958723E-02 -5.319573621E+00 
       428  8.490301490E-02 -1.810434358E-02  3.631812754E-02  3.185152492E+01 
       429  6.453305520E-02 -9.682309100E-03  3.635688791E-02  1.408952232E+02 
       430  8.050233615E-02 -1.784512876E-02  3.657734236E-02  9.474475628E+01 
       431  6.691759015E-02 -1.769655634E-02  3.672591478E-02  1.161804303E+02 
       432  7.151400592E-02 -1.759809032E-02  3.682438080E-02  1.158507160E+02 
       433  7.406103629E-02 -9.701745083E-03  3.699520053E-02  1.061766184E+02 
       434  6.905698356E-02 -9.240465493E-03  3.709683271E-02  1.249180838E+02 
       435  5.873191610E-02 -1.689755892E-02  3.752491220E-02  1.106963619E+02 
       436  6.042000330E-02 -1.312027393E-02  3.753506313E-02  1.550234453E+02 
       437  5.796454331E-02 -1.561185538E-02  3.761704081E-02  1.545902498E+02 
       438  7.878790958E-02 -1.269876939E-02  3.771288328E-02  7.933763167E+01 
       439  6.170958201E-02 -1.666068160E-02  3.776178952E-02  1.154483107E+02 
       440  7.960912605E-02 -1.637012875E-02  3.805234237E-02  1.014302393E+02 
       441  5.797761654E-02 -1.622072727E-02  3.820174385E-02  1.337770063E+02 
       442  7.671351819E-02 -1.618460473E-02  3.823786639E-02  1.109305616E+02 
       443  8.048983002E-02 -1.471016088E-02  3.837417092E-02  5.562682847E+01 
       444  8.046334870E-02 -1.540743350E-02  3.901503762E-02  7.738876116E+01 
       445  7.365969478E-02 -1.163094671E-02  3.907115327E-02  1.120979046E+02 
       446  6.678146132E-02 -1.534119785E-02  3.908127327E-02  1.222374088E+02 
       447  6.506192223E-02 -1.198865456E-02  3.909048347E-02  1.446635385E+02 
       448  7.139823189E-02 -1.516769120E-02  3.925477992E-02  1.209001204E+02 
       449  6.968432776E-02 -1.177702810E-02  3.965219358E-02  1.232835342E+02 
       450  7.505463804E-02 -1.292222860E-02  3.988899322E-02  1.013664207E+02 
       451  6.345126861E-02 -1.451436707E-02  3.990810405E-02  1.203824629E+02 
       452  6.913752521E-02 -1.229053998E-02  4.012481563E-02  1.359776824E+02 
       453  7.485079458E-02 -1.427270935E-02  4.014976177E-02  1.169294434E+02 
       454  6.919296309E-02 -1.413935749E-02  4.028311363E-02  1.232552345E+02 
       455  6.325759203E-02 -1.413898145E-02  4.028348967E-02  1.408454286E+02 
       456  7.504502319E-02 -1.374534120E-02  4.067712992E-02  1.107905807E+02 
       457  6.913644705E-02 -1.330319404E-02  4.111927708E-02  1.312511013E+02 
