nodenumber     x-coordinate     y-coordinate     z-coordinate         pressure 
         1 -9.472122043E-02  1.988160871E-01  1.797321970E-01 -9.136465133E+01 
         2 -9.872180416E-02  1.980595663E-01  1.804916445E-01 -9.821266040E+01 
         3 -1.058373222E-01  1.967140084E-01  1.818424179E-01 -1.064452366E+02 
         4 -9.533655212E-02  2.015990901E-01  1.818587402E-01 -7.243884920E+01 
         5 -9.862728353E-02  2.007424861E-01  1.823210128E-01 -7.171821552E+01 
         6 -9.438723176E-02  1.965431771E-01  1.829564166E-01 -1.168473136E+02 
         7 -1.059165916E-01  1.985197373E-01  1.831195219E-01 -9.207189498E+01 
         8 -1.128477957E-01  1.953883096E-01  1.831732450E-01 -1.135453921E+02 
         9 -9.758554633E-02  1.961632672E-01  1.832470577E-01 -1.242415722E+02 
        10 -1.053411610E-01  1.956856148E-01  1.833275686E-01 -1.210297771E+02 
        11 -1.002361144E-01  2.016460778E-01  1.834636449E-01 -8.154792979E+01 
        12 -1.124977465E-01  1.946583153E-01  1.842272973E-01 -1.195069574E+02 
        13 -1.129296915E-01  1.971059254E-01  1.843901145E-01 -1.076578835E+02 
        14 -9.899486354E-02  1.950394051E-01  1.847211851E-01 -1.226651195E+02 
        15 -1.196674507E-01  1.945031219E-01  1.847481820E-01 -1.252998684E+02 
        16 -1.086669348E-01  1.996768105E-01  1.848041842E-01 -1.009853970E+02 
        17 -1.006209717E-01  2.037368957E-01  1.850364295E-01 -8.832189049E+01 
        18 -1.195360759E-01  1.956029128E-01  1.854683569E-01 -1.219966057E+02 
        19 -1.151410000E-01  1.979206228E-01  1.856644703E-01 -1.142780621E+02 
        20 -1.078952578E-01  1.938438385E-01  1.857246966E-01 -1.181133831E+02 
        21 -1.193293416E-01  1.937445046E-01  1.857521217E-01 -1.290575547E+02 
        22 -9.641801270E-02  2.075709935E-01  1.863453013E-01 -9.305439164E+01 
        23 -9.821967460E-02  2.071352761E-01  1.866214548E-01 -9.545411178E+01 
        24 -1.153570009E-01  1.927228423E-01  1.869405133E-01 -1.237645535E+02 
        25 -1.261618077E-01  1.949095558E-01  1.871140360E-01 -1.352484736E+02 
        26 -1.076067351E-01  1.927394629E-01  1.873009311E-01 -1.205625873E+02 
        27 -1.218893237E-01  1.972792191E-01  1.873855001E-01 -1.282111298E+02 
        28 -1.089725439E-01  2.032986955E-01  1.874128154E-01 -1.104560982E+02 
        29 -9.886145886E-02  1.928128908E-01  1.878648189E-01 -1.176758755E+02 
        30 -1.059432815E-01  2.054000430E-01  1.878972624E-01 -1.091848228E+02 
        31 -1.254289371E-01  1.965102854E-01  1.879884145E-01 -1.359111812E+02 
        32 -1.258671021E-01  1.941609271E-01  1.880801084E-01 -1.325133348E+02 
        33 -1.159366536E-01  2.014851375E-01  1.883905984E-01 -1.191708158E+02 
        34 -1.054175734E-01  1.920040581E-01  1.885029159E-01 -1.185771745E+02 
        35 -1.221993763E-01  1.924060706E-01  1.888049997E-01 -1.327986982E+02 
        36 -1.147747798E-01  1.913871415E-01  1.888629412E-01 -1.271237706E+02 
        37 -1.129651543E-01  2.042921887E-01  1.893827501E-01 -1.211224992E+02 
        38 -1.268806798E-01  1.981376727E-01  1.895823447E-01 -1.420062309E+02 
        39 -1.005971498E-01  2.104261828E-01  1.896655548E-01 -1.131777999E+02 
        40 -1.032734277E-01  1.912837767E-01  1.896801853E-01 -1.145866103E+02 
        41 -1.200158873E-01  2.014919621E-01  1.897044094E-01 -1.268276152E+02 
        42 -9.388075530E-02  1.914689666E-01  1.901361754E-01 -1.111870644E+02 
        43 -1.053897165E-01  2.089024225E-01  1.901473369E-01 -1.213991725E+02 
        44 -9.594632737E-02  1.913459353E-01  1.901517286E-01 -1.123706123E+02 
        45 -1.318847002E-01  1.970252855E-01  1.904171380E-01 -1.532231354E+02 
        46 -1.133166487E-01  2.056267222E-01  1.904205993E-01 -1.369964256E+02 
        47 -1.070180088E-01  1.904999824E-01  1.904975394E-01 -1.240833492E+02 
        48 -9.694764955E-02  2.134102972E-01  1.905628634E-01 -1.228192029E+02 
        49 -1.311384449E-01  1.978869671E-01  1.907749409E-01 -1.657771225E+02 
        50 -1.215750002E-01  1.909963651E-01  1.908285916E-01 -1.310057546E+02 
        51 -9.922129743E-02  2.129883455E-01  1.910000243E-01 -1.241421993E+02 
        52 -1.104617224E-01  1.898487736E-01  1.911512808E-01 -1.343565263E+02 
        53 -1.214644654E-01  2.030295218E-01  1.912350579E-01 -1.353199816E+02 
        54 -1.315975032E-01  1.962374314E-01  1.914453421E-01 -1.333403005E+02 
        55 -1.284411060E-01  1.937072912E-01  1.917144552E-01 -1.324016882E+02 
        56 -1.253794820E-01  2.019210318E-01  1.917230752E-01 -1.415991582E+02 
        57 -1.079311126E-01  2.109829379E-01  1.924050430E-01 -1.420278627E+02 
        58 -1.099767808E-01  2.103897566E-01  1.926503541E-01 -1.495518917E+02 
        59 -1.175633854E-01  1.889508616E-01  1.928079010E-01 -1.296711745E+02 
        60 -1.042278927E-01  1.887538264E-01  1.931678618E-01 -1.097749796E+02 
        61 -1.319839384E-01  2.009625773E-01  1.931781719E-01 -1.805048410E+02 
        62 -1.179219114E-01  2.075409008E-01  1.932253294E-01 -1.530338855E+02 
        63 -1.060961393E-01  1.885087755E-01  1.933701918E-01 -1.068822671E+02 
        64 -1.202915314E-01  2.067056766E-01  1.934068248E-01 -1.504183453E+02 
        65 -1.012167688E-01  2.156290845E-01  1.934708613E-01 -1.397683690E+02 
        66 -1.279514322E-01  2.035534318E-01  1.936799702E-01 -1.545176049E+02 
        67 -1.277696302E-01  1.922843542E-01  1.937170254E-01 -1.321033991E+02 
        68 -1.362910063E-01  2.006850882E-01  1.943680219E-01 -1.830369668E+02 
        69 -9.686020238E-02  2.191411870E-01  1.945072446E-01 -1.538775261E+02 
        70 -1.061126637E-01  2.148666124E-01  1.945135011E-01 -1.515869218E+02 
        71 -1.346883943E-01  2.017791496E-01  1.946120857E-01 -2.127596606E+02 
        72 -9.783952205E-02  1.879444833E-01  1.947942875E-01 -1.045624797E+02 
        73 -9.927753996E-02  2.188885588E-01  1.951078869E-01 -1.519636590E+02 
        74 -1.012335577E-01  1.874592757E-01  1.952181940E-01 -1.038338088E+02 
        75 -1.240943496E-01  1.894625027E-01  1.952584248E-01 -1.307509705E+02 
        76 -1.335489931E-01  1.966692054E-01  1.954399516E-01 -1.374129389E+02 
        77 -1.360089999E-01  1.998812664E-01  1.954474508E-01 -1.366386850E+02 
        78 -1.149142276E-01  2.121829033E-01  1.954777915E-01 -1.657762820E+02 
        79 -1.279031097E-01  2.063198804E-01  1.955820638E-01 -1.666177493E+02 
        80 -1.236331506E-01  2.088557803E-01  1.959695692E-01 -1.690069731E+02 
        81 -1.347397067E-01  2.042908257E-01  1.963695543E-01 -2.161099363E+02 
        82 -1.153896669E-01  2.136006191E-01  1.966130754E-01 -1.762340238E+02 
        83 -1.080119868E-01  2.174915176E-01  1.969425080E-01 -1.637165441E+02 
        84 -1.305694364E-01  2.072102793E-01  1.970549170E-01 -1.802097734E+02 
        85 -1.234610979E-01  2.109067461E-01  1.973360107E-01 -1.864410650E+02 
        86 -1.328973436E-01  1.952422925E-01  1.974388107E-01 -1.403285831E+02 
        87 -9.345939447E-02  1.862894700E-01  1.974576331E-01 -9.878660116E+01 
        88 -1.008568290E-01  2.215629814E-01  1.974685134E-01 -1.655475861E+02 
        89 -1.121302625E-01  2.173170206E-01  1.981431629E-01 -1.731561360E+02 
        90 -1.191301589E-01  2.141067457E-01  1.981642777E-01 -1.863639417E+02 
        91 -9.612926745E-02  2.247574253E-01  1.981656486E-01 -1.824741852E+02 
        92 -1.377409927E-01  2.060029982E-01  1.985195221E-01 -2.409612793E+02 
        93 -1.389482352E-01  2.055611458E-01  1.986006662E-01 -1.939423277E+02 
        94 -1.298344182E-01  1.917329641E-01  1.986742915E-01 -1.354209131E+02 
        95 -1.052757986E-01  2.213014196E-01  1.987053134E-01 -1.661714802E+02 
        96 -9.858039209E-02  2.247073300E-01  1.989175224E-01 -1.773281926E+02 
        97 -1.314672355E-01  2.098969544E-01  1.992053374E-01 -1.917996353E+02 
        98 -1.026997124E-01  1.845243766E-01  1.992367372E-01 -1.044827936E+02 
        99 -1.041308752E-01  1.842638740E-01  1.994941630E-01 -1.055408979E+02 
       100 -1.371039353E-01  2.010711701E-01  1.997657227E-01 -1.301364409E+02 
       101 -1.266885345E-01  2.130535125E-01  1.998597996E-01 -1.950975323E+02 
       102 -1.385741024E-01  2.045261701E-01  2.000504455E-01 -1.205571241E+02 
       103 -1.300796285E-01  2.121823050E-01  2.003441578E-01 -1.967417721E+02 
       104 -1.363844251E-01  2.093235443E-01  2.003858625E-01 -2.340633498E+02 
       105 -9.693390320E-02  1.837168310E-01  2.008131176E-01 -1.017065072E+02 
       106 -1.138495542E-01  2.205379046E-01  2.009275057E-01 -1.726417438E+02 
       107 -9.965552112E-02  2.274056221E-01  2.011329045E-01 -1.780154519E+02 
       108 -9.981506971E-02  1.833239539E-01  2.011462132E-01 -1.085266841E+02 
       109 -1.206209247E-01  2.178893742E-01  2.012646648E-01 -1.899289272E+02 
       110 -9.484473952E-02  2.300774172E-01  2.014410508E-01 -1.864026905E+02 
       111 -1.070992817E-01  2.246406365E-01  2.016051170E-01 -1.641924152E+02 
       112 -1.363829731E-01  1.995227194E-01  2.016247029E-01 -1.414032894E+02 
       113 -1.250608037E-01  2.171940359E-01  2.022074987E-01 -1.963548921E+02 
       114 -1.378481433E-01  2.113528657E-01  2.022622404E-01 -2.608378097E+02 
       115 -9.725751114E-02  2.302181714E-01  2.023129087E-01 -1.758508305E+02 
       116 -1.187753349E-01  2.203531334E-01  2.023801783E-01 -1.793920258E+02 
       117 -1.319380936E-01  2.143786244E-01  2.024629725E-01 -2.034694715E+02 
       118 -1.395950865E-01  2.111769331E-01  2.027009077E-01 -1.973427272E+02 
       119 -1.112016282E-01  2.243324115E-01  2.027079645E-01 -1.614955075E+02 
       120 -1.342114455E-01  1.955873150E-01  2.027506365E-01 -1.900737753E+02 
       121 -1.045285796E-01  2.276768214E-01  2.028847191E-01 -1.618403966E+02 
       122 -1.361322859E-01  2.137817589E-01  2.033952186E-01 -2.471012384E+02 
       123 -1.270186758E-01  2.188859437E-01  2.040085750E-01 -1.963076040E+02 
       124 -1.368580814E-01  2.000898269E-01  2.040704545E-01 -1.136979925E+02 
       125 -1.386416135E-01  2.063048715E-01  2.040775797E-01 -1.059277388E+02 
       126 -1.307338566E-01  2.174328514E-01  2.041935957E-01 -2.018574809E+02 
       127 -9.782455729E-02  2.328388607E-01  2.043114483E-01 -1.908165899E+02 
       128 -9.317563947E-02  2.348750462E-01  2.043873889E-01 -2.052394124E+02 
       129 -9.273319067E-02  1.813466062E-01  2.044693171E-01 -1.146311623E+02 
       130 -1.391217609E-01  2.099421245E-01  2.044916767E-01 -9.739115135E+01 
       131 -1.199374707E-01  2.231172904E-01  2.046691369E-01 -1.713481763E+02 
       132 -1.127974129E-01  2.264304051E-01  2.046743265E-01 -1.505250869E+02 
       133 -1.359087527E-01  1.977532374E-01  2.047966653E-01 -1.309660386E+02 
       134 -9.540190583E-02  2.351000072E-01  2.051826552E-01 -2.298338631E+02 
       135 -1.052979417E-01  2.308524373E-01  2.053328396E-01 -1.732785126E+02 
       136 -1.022376150E-01  1.801744877E-01  2.053937548E-01 -1.272445137E+02 
       137 -1.265885005E-01  2.210845051E-01  2.053944893E-01 -1.885561290E+02 
       138 -9.233497828E-02  2.369703877E-01  2.057120814E-01 -1.564170282E+02 
       139 -1.178847518E-01  2.257599733E-01  2.058422041E-01 -1.538991595E+02 
       140 -1.373035240E-01  2.168423385E-01  2.058925672E-01 -2.674122502E+02 
       141 -1.235218936E-01  2.233865957E-01  2.060061005E-01 -1.756028869E+02 
       142 -1.019897207E-01  2.336273232E-01  2.061946384E-01 -1.965635504E+02 
       143 -9.559807080E-02  2.364274060E-01  2.062272802E-01 -1.680876666E+02 
       144 -1.381633959E-01  2.169955843E-01  2.062747364E-01 -1.878958014E+02 
       145 -1.337396292E-01  2.192844585E-01  2.064416548E-01 -2.521037491E+02 
       146 -1.116655205E-01  2.300799285E-01  2.068408035E-01 -1.674905944E+02 
       147 -1.369143540E-01  2.009786950E-01  2.070039566E-01 -7.228314773E+01 
       148 -1.090992387E-01  2.317455816E-01  2.071718200E-01 -1.837306967E+02 
       149 -1.020915936E-01  2.352674900E-01  2.073642338E-01 -1.315284668E+02 
       150 -9.686383775E-02  1.789828820E-01  2.074807269E-01 -1.380179803E+02 
       151 -1.374311635E-01  2.033692459E-01  2.075862395E-01 -8.124054309E+01 
       152 -1.350031210E-01  1.957970990E-01  2.076186976E-01 -4.001087549E+01 
       153 -1.381369774E-01  2.118331686E-01  2.079511358E-01 -7.743141740E+01 
       154 -1.376807804E-01  2.158029329E-01  2.080496311E-01 -7.027699381E+01 
       155 -1.334354297E-01  2.217669891E-01  2.080648340E-01 -2.731179948E+02 
       156 -1.302768960E-01  2.232443555E-01  2.080752762E-01 -2.431159053E+02 
       157 -9.204967703E-02  2.351693019E-01  2.082685826E-01 -8.198569945E+01 
       158 -1.190442599E-01  2.289309005E-01  2.084122779E-01 -1.920053254E+02 
       159 -1.017353217E-01  2.345280651E-01  2.084320342E-01 -4.197678514E+01 
       160 -9.482729748E-02  2.348286655E-01  2.085360528E-01 -7.368786612E+01 
       161 -1.092253280E-01  2.339184790E-01  2.087184574E-01 -1.105850542E+02 
       162 -1.246593166E-01  2.270076176E-01  2.088810769E-01 -2.251720355E+02 
       163 -1.354093056E-01  1.972820053E-01  2.089808538E-01 -4.431885033E+01 
       164 -1.347677526E-01  2.224845487E-01  2.089897807E-01 -1.834493001E+02 
       165 -1.163669993E-01  2.315663137E-01  2.093798806E-01 -1.928114693E+02 
       166 -9.589005924E-02  2.339713362E-01  2.096615165E-01 -5.112912762E+01 
       167 -1.229554168E-01  2.290643161E-01  2.097599006E-01 -2.340814073E+02 
       168 -1.290678648E-01  2.263859501E-01  2.098649217E-01 -2.565924818E+02 
       169 -1.164605509E-01  2.324675864E-01  2.100346321E-01 -1.179480034E+02 
       170 -9.651630778E-02  1.768857379E-01  2.104586444E-01 -1.532316301E+02 
       171 -1.297009927E-01  2.271182435E-01  2.105756994E-01 -1.631898588E+02 
       172 -1.343002285E-01  2.213703396E-01  2.106901349E-01 -4.269584671E+01 
       173 -1.234193415E-01  2.304316988E-01  2.108566002E-01 -1.486003538E+02 
       174 -1.085265434E-01  2.324283985E-01  2.108688260E-01 -1.519839241E+01 
       175 -9.166068331E-02  1.767565999E-01  2.110108334E-01 -1.278738601E+02 
       176 -1.356830001E-01  2.176053839E-01  2.110943810E-01 -4.880717379E+01 
       177 -1.003742122E-01  1.761495875E-01  2.112003253E-01 -1.684416420E+02 
       178 -1.369050843E-01  2.052149703E-01  2.112750952E-01 -5.481345706E+01 
       179 -9.531276737E-02  1.762943895E-01  2.113826963E-01 -1.491199318E+02 
       180 -1.041736329E-01  2.322824381E-01  2.114063558E-01 -2.130445542E+01 
       181 -1.369933943E-01  2.094307362E-01  2.114580104E-01 -5.538140211E+01 
       182 -1.158514328E-01  2.312099228E-01  2.119103639E-01 -9.032736811E+00 
       183 -1.292604265E-01  2.261002974E-01  2.122334592E-01 -2.217132980E+01 
       184 -1.229013363E-01  2.293696785E-01  2.125897734E-01 -1.234979904E+01 
       185 -9.569483423E-02  2.317737233E-01  2.127691966E-01 -3.069122288E+01 
       186 -1.350970030E-01  1.972131048E-01  2.129628761E-01 -2.697989633E+01 
       187 -1.110054593E-01  2.307670096E-01  2.130178343E-01 -3.855470622E+00 
       188 -1.314251762E-01  2.227731962E-01  2.132700287E-01 -2.187281172E+01 
       189 -1.330763606E-01  1.916353429E-01  2.136226806E-01 -6.053469229E+00 
       190 -1.186760285E-01  2.293440803E-01  2.139876724E-01 -2.040528824E+00 
       191 -9.112601776E-02  2.310912719E-01  2.140782161E-01 -2.618448112E+01 
       192 -1.359756254E-01  2.033825801E-01  2.141753472E-01 -3.693286819E+01 
       193 -1.255746974E-01  2.268290411E-01  2.142826564E-01 -7.685718170E+00 
       194 -1.020429376E-01  2.303210884E-01  2.143292111E-01 -1.067184925E+01 
       195 -9.378674136E-02  2.307110464E-01  2.144103240E-01 -1.701117591E+01 
       196 -1.344848094E-01  2.152267637E-01  2.146441326E-01 -2.442466302E+01 
       197 -1.334716115E-01  1.929379483E-01  2.146775562E-01 -1.265671096E+01 
       198 -1.354401975E-01  1.993817650E-01  2.147757759E-01 -3.167719482E+01 
       199 -1.353692867E-01  2.115327352E-01  2.148427076E-01 -2.907476582E+01 
       200 -1.025202085E-01  2.288795930E-01  2.163214703E-01  1.014155287E+01 
       201 -9.519093825E-02  1.727658894E-01  2.163577925E-01 -1.355796380E+02 
       202 -1.303218894E-01  2.205853673E-01  2.164285634E-01  4.173736058E+00 
       203 -1.101300512E-01  2.281807212E-01  2.167244155E-01  1.572210031E+01 
       204 -9.847529741E-02  1.720479956E-01  2.171175435E-01 -1.988823985E+02 
       205 -1.320576788E-01  2.169439752E-01  2.172239344E-01  2.037940392E+00 
       206 -9.022695499E-02  1.724027492E-01  2.172475749E-01 -7.986751152E+01 
       207 -1.246658557E-01  2.246243410E-01  2.173578310E-01  2.049687995E+01 
       208 -1.178222509E-01  2.269030411E-01  2.174748191E-01  2.298731742E+01 
       209 -9.343144239E-02  1.719084385E-01  2.176987567E-01 -9.982128700E+01 
       210 -1.069940541E-01  2.275027235E-01  2.179178524E-01  2.160353948E+01 
       211 -1.270789538E-01  2.216962308E-01  2.186313033E-01  2.486774620E+01 
       212 -1.345590945E-01  2.061768296E-01  2.187894223E-01 -2.295933924E+01 
       213 -1.341080357E-01  2.087981270E-01  2.188127639E-01 -1.428276860E+01 
       214 -1.137779242E-01  2.263776016E-01  2.188831926E-01  3.074339961E+01 
       215 -9.474414480E-02  2.274581388E-01  2.189152187E-01  8.138833261E+00 
       216 -1.330849573E-01  1.927220598E-01  2.190360839E-01 -8.483515438E+00 
       217 -1.207942590E-01  2.248342983E-01  2.191669798E-01  3.380618136E+01 
       218 -9.911851692E-02  2.269833983E-01  2.192495942E-01  1.823607828E+01 
       219 -1.311845565E-01  1.875491061E-01  2.195177456E-01 -2.085286882E+00 
       220 -1.342334558E-01  1.988201049E-01  2.197723348E-01 -2.042873414E+01 
       221 -9.758204967E-02  1.701186128E-01  2.199009898E-01 -1.487792313E+02 
       222 -9.350574841E-02  1.702055680E-01  2.200896115E-01 -8.815305027E+01 
       223 -8.942944714E-02  1.702925232E-01  2.202782333E-01 -4.009497729E+01 
       224 -9.351714335E-02  1.699444280E-01  2.204562539E-01 -9.271242403E+01 
       225 -1.009971459E-01  1.694728068E-01  2.205492874E-01 -7.051428563E+01 
       226 -1.316169448E-01  1.889681355E-01  2.206405898E-01 -6.464139848E+00 
       227 -8.989555837E-02  2.263916310E-01  2.207860794E-01  1.157555932E+01 
       228 -1.306622647E-01  2.147874964E-01  2.208305784E-01  1.624594255E+01 
       229 -9.224260681E-02  2.261194817E-01  2.209900169E-01  1.623241732E+01 
       230 -1.334955255E-01  1.957541994E-01  2.211480110E-01 -1.446056275E+01 
       231 -1.260732884E-01  2.195937266E-01  2.214962750E-01  3.662470885E+01 
       232 -1.337042382E-01  2.028699012E-01  2.217090067E-01 -1.658431915E+01 
       233 -1.318947028E-01  2.109988589E-01  2.217231798E-01  5.112079358E+00 
       234 -9.571428751E-02  1.688401733E-01  2.218426830E-01 -1.164924698E+02 
       235 -1.080794816E-01  1.685827563E-01  2.222051518E-01  4.940776893E+01 
       236 -1.201325895E-01  2.223070074E-01  2.225592235E-01  4.736593222E+01 
       237 -1.132659816E-01  2.237734999E-01  2.225797460E-01  4.467473215E+01 
       238 -1.280988403E-01  2.164347949E-01  2.226555034E-01  3.037812299E+01 
       239 -9.734350142E-02  1.680213505E-01  2.228707386E-01 -9.926428078E+01 
       240 -1.061288125E-01  2.239965306E-01  2.229182624E-01  3.623407324E+01 
       241 -8.838246243E-02  1.680893042E-01  2.234587912E-01 -6.141822988E+01 
       242 -1.227124467E-01  2.202943889E-01  2.235342565E-01  4.587374520E+01 
       243 -1.014539719E-01  2.237128191E-01  2.236742128E-01  3.294328952E+01 
       244 -1.165656948E-01  2.220157421E-01  2.242626977E-01  5.046993685E+01 
       245 -1.038838244E-01  1.668148321E-01  2.243077628E-01  2.757405951E+00 
       246 -1.086495806E-01  2.228269067E-01  2.243719932E-01  4.487796110E+01 
       247 -1.146689765E-01  1.690987035E-01  2.246774466E-01  1.037480018E+02 
       248 -1.312302082E-01  1.887167042E-01  2.248683224E-01 -9.562945587E+00 
       249 -1.305917038E-01  2.093799912E-01  2.249576246E-01  1.272039345E+01 
       250 -1.323693715E-01  2.031685639E-01  2.251826302E-01 -6.442407533E+00 
       251 -9.675405669E-02  1.663289173E-01  2.252975255E-01 -1.518377755E+02 
       252 -1.325247126E-01  1.956067494E-01  2.253998981E-01 -1.164466042E+01 
       253 -1.292965308E-01  1.834710331E-01  2.254010346E-01 -1.842853720E+01 
       254 -9.408252716E-02  2.225091367E-01  2.259306144E-01  2.927864825E+01 
       255 -9.937733736E-02  2.220758636E-01  2.261364013E-01  3.712963168E+01 
       256 -1.105412750E-01  1.665364221E-01  2.262529752E-01  8.890758931E+01 
       257 -1.032404691E-01  1.653900119E-01  2.263640992E-01 -6.156747973E+01 
       258 -8.741371334E-02  1.660507201E-01  2.264016828E-01 -1.587804908E+01 
       259 -1.311366239E-01  2.059525821E-01  2.265125801E-01  5.515689066E+00 
       260 -9.146395187E-02  1.657415478E-01  2.265277651E-01 -1.424281080E+02 
       261 -1.297575214E-01  1.849698828E-01  2.265728636E-01 -1.379034301E+01 
       262 -1.162252794E-01  2.198966982E-01  2.270947950E-01  5.539242144E+01 
       263 -1.316563551E-01  1.919167532E-01  2.271318657E-01 -1.029024379E+01 
       264 -9.142099590E-02  1.652929285E-01  2.271623983E-01 -4.758740307E+01 
       265 -1.259101820E-01  2.142086834E-01  2.272044547E-01  3.714178769E+01 
       266 -1.319435246E-01  1.990808457E-01  2.274329703E-01 -7.425663736E+00 
       267 -1.222616532E-01  2.169408917E-01  2.276809238E-01  4.692985570E+01 
       268 -9.898607993E-02  1.645171002E-01  2.276812257E-01 -1.458487812E+02 
       269 -1.265118072E-01  2.126720275E-01  2.279579384E-01  3.073183863E+01 
       270 -1.088143676E-01  2.201727268E-01  2.280947502E-01  5.170859433E+01 
       271 -1.204163911E-01  1.713728477E-01  2.280982251E-01  8.340215003E+01 
       272 -1.099007784E-01  1.651179990E-01  2.282922812E-01  4.208728910E+01 
       273 -9.872888329E-02  1.639135881E-01  2.285514892E-01 -5.851972063E+01 
       274 -8.790216640E-02  1.690794231E-01  2.286578214E-01  6.521413991E+01 
       275 -8.863916077E-02  2.208353980E-01  2.287014356E-01  2.721235146E+01 
       276 -1.205532833E-01  2.169053841E-01  2.288160733E-01  5.363211701E+01 
       277 -9.075745077E-02  2.206149588E-01  2.288500508E-01  3.156345180E+01 
       278 -1.166893393E-01  1.679059732E-01  2.291706582E-01  1.039743612E+02 
       279 -1.060311609E-01  1.636930857E-01  2.291963968E-01 -2.848451498E+01 
       280 -9.143134108E-02  1.683064070E-01  2.292545527E-01  6.814459845E+01 
       281 -1.128431305E-01  2.189372264E-01  2.292628268E-01  5.637993632E+01 
       282 -9.882156914E-02  1.660480527E-01  2.300607661E-01  8.493904196E+01 
       283 -1.014957298E-01  2.191719818E-01  2.300615210E-01  4.532270341E+01 
       284 -1.057268129E-01  1.630538276E-01  2.302012644E-01  1.606856859E+01 
       285 -9.282695930E-02  1.690857322E-01  2.302426248E-01  8.590405941E+01 
       286 -1.293867211E-01  1.847383086E-01  2.305598655E-01 -1.795947984E+01 
       287 -1.052558356E-01  2.185985778E-01  2.305816160E-01  5.110683608E+01 
       288 -1.160127423E-01  1.664705939E-01  2.312094724E-01  5.945325855E+01 
       289 -1.306652813E-01  1.917405074E-01  2.313227034E-01 -9.441303464E+00 
       290 -1.284253788E-01  2.055452615E-01  2.313499627E-01  1.644041820E+01 
       291 -1.273711552E-01  1.793122678E-01  2.314007214E-01 -4.746896708E+01 
       292 -1.304089462E-01  1.989826462E-01  2.314256427E-01 -2.108925984E+00 
       293 -1.054544153E-01  1.650529786E-01  2.314995868E-01  9.959137522E+01 
       294 -1.125949292E-01  1.642520269E-01  2.316278253E-01  3.878567564E+01 
       295 -1.015144638E-01  1.670767280E-01  2.316379928E-01  9.746663192E+01 
       296 -1.253968786E-01  2.099898484E-01  2.318045002E-01  3.114735210E+01 
       297 -1.247732354E-01  1.752075419E-01  2.321544667E-01 -6.982470996E+00 
       298 -1.190879931E-01  2.146852258E-01  2.322244859E-01  5.458499649E+01 
       299 -1.278779091E-01  1.809424646E-01  2.324765430E-01 -2.620313754E+01 
       300 -9.334990030E-02  1.721098920E-01  2.325066811E-01  1.044270797E+02 
       301 -1.136812174E-01  2.162837765E-01  2.325542626E-01  5.811482213E+01 
       302 -1.122475636E-01  1.635941160E-01  2.326683683E-01  6.005090955E+01 
       303 -1.216566299E-01  1.708738222E-01  2.327231751E-01  5.047943458E+01 
       304 -1.078583062E-01  1.660126832E-01  2.329362597E-01  1.105053760E+02 
       305 -1.298088794E-01  1.881633807E-01  2.330244603E-01 -1.244198064E+01 
       306 -1.117985196E-01  1.645040864E-01  2.331550230E-01  1.101111358E+02 
       307 -1.284351124E-01  2.028084098E-01  2.332106459E-01  9.654299483E+00 
       308 -1.237750977E-01  2.102352604E-01  2.333767438E-01  4.032758905E+01 
       309 -1.300516973E-01  1.952900580E-01  2.333834812E-01 -5.490298199E+00 
       310 -1.198361565E-01  2.132459573E-01  2.334942825E-01  5.078722144E+01 
       311 -9.336086197E-02  2.171437401E-01  2.335365914E-01  3.654021681E+01 
       312 -8.865685068E-02  1.759176805E-01  2.336400386E-01  1.125032746E+02 
       313 -9.741959180E-02  2.166294095E-01  2.339507668E-01  4.406146948E+01 
       314 -1.264728010E-01  1.773718457E-01  2.342000958E-01 -5.269609761E+01 
       315 -1.071473936E-01  2.156682830E-01  2.345612188E-01  5.483758384E+01 
       316 -1.016170101E-01  1.713531645E-01  2.346351706E-01  1.200124154E+02 
       317 -1.115262492E-01  2.149408197E-01  2.348765964E-01  5.695640152E+01 
       318 -1.209532006E-01  1.693734649E-01  2.349134853E-01  8.893520195E-01 
       319 -1.182245314E-01  1.665127168E-01  2.350242797E-01  1.525185814E+01 
       320 -9.870575783E-02  1.733315094E-01  2.350722268E-01  1.237932891E+02 
       321 -1.137231846E-01  1.667356051E-01  2.353194828E-01  1.140907707E+02 
       322 -1.275447596E-01  1.808430553E-01  2.359917853E-01 -2.734815352E+01 
       323 -1.178660057E-01  1.658617535E-01  2.360432451E-01  4.628901277E+01 
       324 -1.080948516E-01  1.704202068E-01  2.360673049E-01  1.239853475E+02 
       325 -1.268774320E-01  2.024574066E-01  2.361004214E-01  1.398220404E+01 
       326 -1.172330152E-01  1.665527708E-01  2.363190987E-01  1.090535166E+02 
       327 -1.250485079E-01  1.749844777E-01  2.363190610E-01 -3.405266519E+01 
       328 -1.058027181E-01  1.722710700E-01  2.366146792E-01  1.305543232E+02 
       329 -1.289287673E-01  1.878473959E-01  2.367194891E-01 -1.081526005E+01 
       330 -1.114631366E-01  1.702779150E-01  2.370496025E-01  1.241693850E+02 
       331 -1.268004655E-01  1.790869055E-01  2.371104674E-01 -3.611873488E+01 
       332 -1.229006712E-01  2.069685223E-01  2.374527466E-01  3.704499486E+01 
       333 -1.265067906E-01  1.783512862E-01  2.375770257E-01 -3.989010679E+01 
       334 -8.694942818E-02  2.146045585E-01  2.375992477E-01  3.095149160E+01 
       335 -9.992641699E-02  2.137407202E-01  2.378248707E-01  4.434988850E+01 
       336 -1.282586746E-01  1.951071432E-01  2.378526824E-01 -2.786390496E+00 
       337 -1.166315686E-01  2.112129888E-01  2.379472000E-01  5.231428555E+01 
       338 -1.038939889E-01  2.133171586E-01  2.381182630E-01  4.944670167E+01 
       339 -1.241606603E-01  2.047627933E-01  2.381305041E-01  2.593963231E+01 
       340 -1.131692029E-01  2.121929159E-01  2.381340071E-01  5.479441708E+01 
       341 -9.367274350E-02  1.801870956E-01  2.382091073E-01  1.367475971E+02 
       342 -9.845082180E-02  1.782098286E-01  2.383718881E-01  1.395116553E+02 
       343 -1.280442704E-01  1.841911331E-01  2.383904625E-01 -1.694705790E+01 
       344 -1.178180082E-01  1.695819428E-01  2.386065425E-01  1.098712094E+02 
       345 -8.860787719E-02  1.834811220E-01  2.388670232E-01  1.400032934E+02 
       346 -1.240100701E-01  1.728717290E-01  2.389057543E-01 -6.320004001E+01 
       347 -1.224466150E-01  1.702785677E-01  2.389218575E-01 -5.808121161E+01 
       348 -1.272308539E-01  1.974855929E-01  2.390137285E-01  5.166625051E+00 
       349 -1.135641982E-01  1.721459048E-01  2.390186828E-01  1.248002265E+02 
       350 -1.280319698E-01  1.914875247E-01  2.394051074E-01 -5.102904096E+00 
       351 -1.063395483E-01  1.761366199E-01  2.394664132E-01  1.407363084E+02 
       352 -9.186627665E-02  1.831229389E-01  2.396644082E-01  1.444295928E+02 
       353 -1.185085675E-01  2.084095746E-01  2.398178716E-01  4.538426379E+01 
       354 -1.220687489E-01  1.695853872E-01  2.399730488E-01  7.960712844E+00 
       355 -1.205360100E-01  1.705837557E-01  2.401732054E-01  1.011533451E+02 
       356 -1.055428791E-01  2.117527028E-01  2.401941755E-01  4.778881445E+01 
       357 -1.112229055E-01  2.110059881E-01  2.402307668E-01  5.059146770E+01 
       358 -1.018899321E-01  1.794038172E-01  2.403031742E-01  1.458529346E+02 
       359 -1.133797874E-01  1.743490617E-01  2.404866497E-01  1.322709847E+02 
       360 -1.099437979E-01  1.768645169E-01  2.411276162E-01  1.413842632E+02 
       361 -1.273390397E-01  1.840072896E-01  2.414302807E-01 -1.065698391E+01 
       362 -9.147618608E-02  2.115263476E-01  2.415859506E-01  2.888448107E+01 
       363 -1.203845852E-01  1.728388574E-01  2.416877659E-01  1.035587213E+02 
       364 -9.604957233E-02  2.108491566E-01  2.421900588E-01  3.474750138E+01 
       365 -1.226117921E-01  2.022110012E-01  2.422262347E-01  2.140908300E+01 
       366 -1.167303952E-01  1.753863042E-01  2.422808833E-01  1.250297121E+02 
       367 -1.247047933E-01  1.981741732E-01  2.424711174E-01  8.558437952E+00 
       368 -1.260087692E-01  1.782039233E-01  2.425920866E-01 -5.792020882E+01 
       369 -9.395474807E-02  1.865942283E-01  2.427407987E-01  1.565441368E+02 
       370 -1.174253193E-01  2.064428498E-01  2.428125440E-01  3.927433321E+01 
       371 -1.266723535E-01  1.905268509E-01  2.430647858E-01 -3.299426727E-01 
       372 -1.248341843E-01  1.750124396E-01  2.431800403E-01 -8.140593150E+01 
       373 -1.047229315E-01  2.095423084E-01  2.433675049E-01  4.060550182E+01 
       374 -1.025533723E-01  1.836742610E-01  2.434761975E-01  1.536803564E+02 
       375 -1.262258964E-01  1.795829511E-01  2.435109732E-01 -4.609029406E+01 
       376 -1.119227204E-01  2.083435264E-01  2.435963229E-01  4.424486873E+01 
       377 -1.267323579E-01  1.866283904E-01  2.438752788E-01  1.300423112E-01 
       378 -1.234205713E-01  1.747743880E-01  2.440036937E-01  1.011898788E+02 
       379 -1.200839891E-01  2.031313920E-01  2.440288507E-01  2.629207300E+01 
       380 -1.245223215E-01  1.743858117E-01  2.440879136E-01 -3.353857196E+00 
       381 -1.109128399E-01  1.807326659E-01  2.441198543E-01  1.465364815E+02 
       382 -8.735960540E-02  1.918474143E-01  2.442656479E-01  1.584620527E+02 
       383 -1.173617630E-01  1.781536266E-01  2.444017040E-01  1.277143790E+02 
       384 -1.143458325E-01  2.067781751E-01  2.444065249E-01  3.901422496E+01 
       385 -9.958048255E-02  1.865858709E-01  2.445403793E-01  1.593802987E+02 
       386 -9.794601159E-02  2.087841758E-01  2.449515005E-01  2.826024076E+01 
       387 -9.013594317E-02  1.918399171E-01  2.451514145E-01  1.633280082E+02 
       388 -1.239569386E-01  1.958556217E-01  2.452380426E-01  2.290879534E+00 
       389 -1.083031616E-01  2.077130483E-01  2.453359062E-01  3.908844664E+01 
       390 -1.079863995E-01  1.839106829E-01  2.453836071E-01  1.532542533E+02 
       391 -1.009137102E-01  2.082874654E-01  2.454241198E-01  3.282385497E+01 
       392 -1.153340319E-01  1.807075182E-01  2.455212422E-01  1.396452497E+02 
       393 -1.250010811E-01  1.927003748E-01  2.455244462E-01  7.821131107E-01 
       394 -1.218933294E-01  1.779309940E-01  2.457016248E-01  1.114042664E+02 
       395 -1.254857436E-01  1.805301197E-01  2.469937868E-01 -4.356992030E+01 
       396 -8.418926162E-02  2.079618734E-01  2.471583373E-01  2.643831747E+01 
       397 -1.090113101E-01  1.860520747E-01  2.471968497E-01  1.566975249E+02 
       398 -1.165664229E-01  1.827752519E-01  2.473500115E-01  1.370070011E+02 
       399 -9.172734209E-02  1.943849548E-01  2.474262430E-01  1.700012592E+02 
       400 -1.254802389E-01  1.851307708E-01  2.474901187E-01 -1.688139642E+01 
       401 -1.189398496E-01  2.007088543E-01  2.475094942E-01  1.413188972E+01 
       402 -1.231431949E-01  1.799912719E-01  2.475308349E-01  1.108794363E+02 
       403 -1.250673943E-01  1.798046172E-01  2.480189555E-01  2.444793427E+01 
       404 -1.008839153E-01  1.910216052E-01  2.480333581E-01  1.654939111E+02 
       405 -1.209140618E-01  1.975086522E-01  2.482172630E-01  3.140210775E+00 
       406 -1.076883559E-01  2.056138668E-01  2.483051114E-01  3.047135838E+01 
       407 -1.134877627E-01  2.038236677E-01  2.483168314E-01  2.649694646E+01 
       408 -1.216053247E-01  1.821497202E-01  2.485334697E-01  1.198588955E+02 
       409 -1.155783310E-01  1.855100809E-01  2.489286035E-01  1.425903898E+02 
       410 -1.034047826E-01  2.055306021E-01  2.490889750E-01  2.580598193E+01 
       411 -9.825976789E-02  1.937734800E-01  2.490987330E-01  1.694141134E+02 
       412 -1.138923416E-01  1.866110655E-01  2.491507097E-01  1.513236016E+02 
       413 -1.158057938E-01  2.015671376E-01  2.493688096E-01  1.438288270E+01 
       414 -8.444748030E-02  2.005857744E-01  2.493882204E-01  1.509574616E+02 
       415 -1.069407062E-01  1.904517482E-01  2.495820611E-01  1.609051365E+02 
       416 -8.834688030E-02  2.059786082E-01  2.496322525E-01  7.012884147E+00 
       417 -1.235032802E-01  1.901252528E-01  2.496723256E-01 -1.825447520E+01 
       418 -1.097636666E-01  2.040520849E-01  2.497065416E-01  2.290830996E+01 
       419 -1.051609045E-01  1.914778694E-01  2.497221681E-01  1.643945073E+02 
       420 -1.243209010E-01  1.865234720E-01  2.497846059E-01 -2.791494787E+01 
       421 -9.462062408E-02  2.055027464E-01  2.498232929E-01  9.216505216E+00 
       422 -9.004477204E-02  1.990372774E-01  2.501111055E-01  1.711901088E+02 
       423 -8.722669106E-02  2.009785907E-01  2.505523929E-01  1.621255659E+02 
       424 -1.224799246E-01  1.851399611E-01  2.508868666E-01  1.214665874E+02 
       425 -1.137133147E-01  1.897737006E-01  2.512854829E-01  1.507950575E+02 
       426 -1.237115461E-01  1.853494726E-01  2.514273365E-01  3.594752983E+01 
       427 -1.196428188E-01  1.872910093E-01  2.514674272E-01  1.317134333E+02 
       428 -1.110018110E-01  1.915680227E-01  2.516590855E-01  1.569146482E+02 
       429 -1.198219670E-01  1.949658004E-01  2.517111996E-01 -2.230524711E+01 
       430 -8.259996772E-02  2.048061619E-01  2.517207462E-01  8.382429014E+01 
       431 -1.019630468E-01  2.036795345E-01  2.518082329E-01  7.463002414E+00 
       432 -1.212826550E-01  1.918837314E-01  2.521781785E-01 -3.326217453E+01 
       433 -9.935461262E-02  1.980904374E-01  2.524424411E-01  1.693539324E+02 
       434 -9.700370423E-02  2.034926192E-01  2.524704018E-01  1.793378816E+00 
       435 -8.766296899E-02  2.038487370E-01  2.526818806E-01  8.747748309E+01 
       436 -1.147028789E-01  1.989593963E-01  2.529710110E-01 -1.078999830E+01 
       437 -1.087802689E-01  2.017061848E-01  2.530284046E-01  2.196581514E+00 
       438 -1.192919179E-01  1.898775966E-01  2.531477463E-01  1.304916549E+02 
       439 -1.168007020E-01  1.910591893E-01  2.531673194E-01  1.368278574E+02 
       440 -9.633157901E-02  2.008717001E-01  2.534001798E-01  1.702365854E+02 
       441 -1.057532074E-01  1.966550526E-01  2.535008812E-01  1.630118695E+02 
       442 -1.167725769E-01  1.963008408E-01  2.538937847E-01 -2.783096385E+01 
       443 -1.038423910E-01  1.983060913E-01  2.540321139E-01  1.649948393E+02 
       444 -1.206197296E-01  1.905449248E-01  2.540364267E-01  4.372054121E+01 
       445 -1.114331390E-01  1.948876382E-01  2.540985412E-01  1.523245530E+02 
       446 -1.046552813E-01  2.016156008E-01  2.542008939E-01 -1.651641312E+00 
       447 -9.642919783E-02  2.021910242E-01  2.543460151E-01  7.851258566E+01 
       448 -1.112326199E-01  1.995837545E-01  2.544853471E-01 -1.275278644E+01 
       449 -1.098268588E-01  1.965116669E-01  2.547087818E-01  1.562916032E+02 
       450 -1.155378950E-01  1.943730229E-01  2.550590982E-01  1.414494585E+02 
       451 -1.161150138E-01  1.949626381E-01  2.556530031E-01  4.792483832E+01 
       452 -1.041797768E-01  2.004988067E-01  2.556602960E-01  7.762518023E+01 
       453 -1.106288913E-01  1.982660376E-01  2.561822302E-01  6.725884061E+01 
