nodenumber     x-coordinate     y-coordinate     z-coordinate         pressure 
         1  7.026388721E-02  4.120356054E-03 -4.834696491E-02 -6.882640734E+01 
         2  6.471444181E-02  4.448957700E-03 -4.801836326E-02 -6.658105328E+01 
         3  7.580145257E-02  4.491349504E-03 -4.797597146E-02 -6.882767032E+01 
         4  7.566790006E-02  4.993331449E-03 -4.747398952E-02 -7.500994716E+01 
         5  7.026080290E-02  5.347991938E-03 -4.711932903E-02 -7.473846248E+01 
         6  5.931533796E-02  5.475401001E-03 -4.699191996E-02 -6.163393876E+01 
         7  7.027087144E-02  2.584932524E-03 -4.691665994E-02 -6.430159306E+01 
         8  8.117441753E-02  5.558501521E-03 -4.690881944E-02 -6.847532653E+01 
         9  6.507239823E-02  5.836135612E-03 -4.663118535E-02 -7.297511929E+01 
        10  6.471901443E-02  2.915530652E-03 -4.658877098E-02 -6.380923580E+01 
        11  7.581402019E-02  2.944921913E-03 -4.653793410E-02 -6.372984381E+01 
        12  7.325106135E-02  6.099154209E-03 -4.636816676E-02 -7.587584589E+01 
        13  8.077772265E-02  6.280172067E-03 -4.618714890E-02 -7.410402284E+01 
        14  6.843625285E-02  6.376229814E-03 -4.609109115E-02 -7.513955126E+01 
        15  7.278443258E-02  1.704166192E-03 -4.591171858E-02 -6.411335505E+01 
        16  6.742524026E-02  1.700162206E-03 -4.590338836E-02 -6.532568247E+01 
        17  5.994908255E-02  6.647407804E-03 -4.581991316E-02 -6.983353560E+01 
        18  7.838742568E-02  6.758966454E-03 -4.570835451E-02 -7.527956620E+01 
        19  5.931214097E-02  3.940970135E-03 -4.557195117E-02 -5.676230276E+01 
        20  8.119580459E-02  4.003123718E-03 -4.546743202E-02 -6.285208677E+01 
        21  6.317289254E-02  7.030787321E-03 -4.543653364E-02 -7.173924311E+01 
        22  5.421612169E-02  7.168726339E-03 -4.529859462E-02 -5.381157520E+01 
        23  7.806440159E-02  2.355610552E-03 -4.527807234E-02 -6.342702853E+01 
        24  6.213425980E-02  2.343381875E-03 -4.525991023E-02 -6.213535903E+01 
        25  8.624613071E-02  7.306536013E-03 -4.516078495E-02 -6.573990853E+01 
        26  8.590233282E-02  7.686986606E-03 -4.478033436E-02 -7.117018064E+01 
        27  8.253521736E-02  7.923325687E-03 -4.454399528E-02 -7.373555884E+01 
        28  7.276092832E-02  1.904743363E-04 -4.438199906E-02 -6.338303228E+01 
        29  6.736955984E-02  2.000544850E-04 -4.437241891E-02 -6.554296644E+01 
        30  5.503697537E-02  8.149901305E-03 -4.431741966E-02 -6.481279225E+01 
        31  5.176408047E-02  8.172226151E-03 -4.429509481E-02 -5.154968422E+01 
        32  5.784291345E-02  8.315238336E-03 -4.415208263E-02 -6.701336734E+01 
        33  5.707658718E-02  3.621656803E-03 -4.400401731E-02 -5.154920966E+01 
        34  8.314366109E-02  3.644597151E-03 -4.399966806E-02 -6.225009650E+01 
        35  5.419066752E-02  5.633976233E-03 -4.386943889E-02 -4.580977469E+01 
        36  7.720498919E-02  8.678956183E-03 -4.378836478E-02 -7.840928492E+01 
        37  7.807463408E-02  8.324508591E-04 -4.374002254E-02 -6.291566861E+01 
        38  6.203375519E-02  8.581349284E-04 -4.371433847E-02 -6.579047366E+01 
        39  8.627426358E-02  5.743788181E-03 -4.371006701E-02 -6.154020085E+01 
        40  7.387833318E-02  8.766814453E-03 -4.370050651E-02 -7.947106336E+01 
        41  6.912652242E-02  9.406062053E-03 -4.306125891E-02 -7.942646452E+01 
        42  5.319693041E-02  5.527928445E-03 -4.299196874E-02 -4.435464495E+01 
        43  4.962251245E-02  9.487921557E-03 -4.297939941E-02 -5.091331794E+01 
        44  9.080991827E-02  9.677214916E-03 -4.279010605E-02 -7.395514729E+01 
        45  7.268132920E-02  9.716373259E-03 -4.275094771E-02 -8.201247001E+01 
        46  5.292281346E-02  5.521426545E-03 -4.270375756E-02 -4.338764245E+01 
        47  8.693953714E-02  9.903430785E-03 -4.256389018E-02 -6.979411487E+01 
        48  6.401191248E-02  9.930183954E-03 -4.253713701E-02 -7.461349606E+01 
        49  8.151786676E-02  1.000634082E-02 -4.246098015E-02 -7.648223887E+01 
        50  8.317608796E-02  2.122405779E-03 -4.245006762E-02 -6.224180615E+01 
        51  5.696578564E-02  2.136903899E-03 -4.243556950E-02 -6.061858019E+01 
        52  5.299097842E-02  1.027299132E-02 -4.219432964E-02 -6.010132740E+01 
        53  5.062197734E-02  1.032728889E-02 -4.214003207E-02 -5.709660282E+01 
        54  8.787591926E-02  5.565155653E-03 -4.212364009E-02 -6.104625367E+01 
        55  4.958682018E-02  8.604672111E-03 -4.210234894E-02 -4.369043164E+01 
        56  5.913614035E-02  1.048195551E-02 -4.198536545E-02 -6.619558922E+01 
        57  7.906464995E-02  1.048856607E-02 -4.197875489E-02 -7.994459154E+01 
        58  8.974223927E-02  1.049697812E-02 -4.197034285E-02 -8.091368768E+01 
        59  6.742385994E-02  1.049848923E-02 -4.196883174E-02 -7.972387485E+01 
        60  5.462978035E-02  2.883630740E-03 -4.168884266E-02 -4.976585104E+01 
        61  6.230469420E-02  1.090178960E-02 -4.156553137E-02 -7.207029910E+01 
        62  9.084261329E-02  8.076247414E-03 -4.130970040E-02 -6.150427165E+01 
        63  8.425341807E-02  1.147808438E-02 -4.098923659E-02 -7.505213685E+01 
        64  8.793577221E-02  4.035769135E-03 -4.053670427E-02 -6.075270684E+01 
        65  9.023150688E-02  1.206030183E-02 -4.040701914E-02 -8.816900095E+01 
        66  4.574261964E-02  1.230090728E-02 -4.016641368E-02 -4.679892383E+01 
        67  4.828898834E-02  8.223975583E-03 -4.014932504E-02 -4.346541762E+01 
        68  5.708242035E-02  1.232846094E-02 -4.013886002E-02 -6.303250209E+01 
        69  5.505902665E-02  1.235014817E-02 -4.011717279E-02 -5.795724331E+01 
        70  4.917546655E-02  1.236850051E-02 -4.009882046E-02 -5.224041365E+01 
        71  5.462978035E-02  1.152790769E-03 -3.995800269E-02 -4.389625977E+01 
        72  5.213086381E-02  3.454409383E-03 -3.984197197E-02 -4.326496847E+01 
        73  7.779290227E-02  1.264613465E-02 -3.982118631E-02 -8.501845379E+01 
        74  9.472514983E-02  1.264931837E-02 -3.981800259E-02 -8.780491947E+01 
        75  4.634618425E-02  1.270784969E-02 -3.975947127E-02 -4.983246666E+01 
        76  9.207246933E-02  8.043028566E-03 -3.971245949E-02 -6.527237859E+01 
        77  7.411420241E-02  1.286935384E-02 -3.959796712E-02 -8.614653820E+01 
        78  4.567128362E-02  1.164130714E-02 -3.947170756E-02 -4.284932062E+01 
        79  4.715036821E-02  8.937846737E-03 -3.929309570E-02 -4.320634845E+01 
        80  9.362264366E-02  1.321734534E-02 -3.924997563E-02 -1.194437581E+02 
        81  5.327388013E-02  1.624896154E-03 -3.914400420E-02 -4.289818959E+01 
        82  6.805306635E-02  1.339199519E-02 -3.907532577E-02 -8.459152845E+01 
        83  8.435049637E-02  1.347428236E-02 -3.899303860E-02 -7.938515498E+01 
        84  6.260166559E-02  1.401947926E-02 -3.844784170E-02 -7.536761122E+01 
        85  9.477198715E-02  1.103459728E-02 -3.832627084E-02 -6.109604005E+01 
        86  4.968504137E-02  4.553743141E-03 -3.829601441E-02 -4.363113638E+01 
        87  9.649878328E-02  1.426841608E-02 -3.819890488E-02 -1.045869675E+02 
        88  8.730500864E-02  1.428519312E-02 -3.818212785E-02 -7.831326194E+01 
        89  7.236681435E-02  1.432688855E-02 -3.814043241E-02 -8.879296234E+01 
        90  9.215483558E-02  6.501008135E-03 -3.807146526E-02 -7.606977070E+01 
        91  5.132637853E-02  1.457463761E-02 -3.789268336E-02 -5.111456015E+01 
        92  5.300851052E-02  1.464302521E-02 -3.782429575E-02 -5.489305258E+01 
        93  5.950248167E-02  1.472052218E-02 -3.774679878E-02 -6.880862081E+01 
        94  6.514954769E-02  1.495267563E-02 -3.751464534E-02 -8.274970804E+01 
        95  9.526043552E-02  1.103177935E-02 -3.748811784E-02 -6.079989771E+01 
        96  8.078878990E-02  1.505661334E-02 -3.741070763E-02 -8.614619301E+01 
        97  5.259222155E-02  4.207920834E-04 -3.730639742E-02 -4.317148184E+01 
        98  4.590105571E-02  1.521399705E-02 -3.725332391E-02 -4.767069213E+01 
        99  4.277262733E-02  1.533693453E-02 -3.713038644E-02 -4.462164820E+01 
       100  9.357457947E-02  1.550701035E-02 -3.696031062E-02 -1.254574565E+02 
       101  9.402208775E-02  7.795142609E-03 -3.677733079E-02 -7.050589464E+01 
       102  4.875969684E-02  4.028655888E-03 -3.662358476E-02 -4.380765114E+01 
       103  4.391574824E-02  1.591600294E-02 -3.655131802E-02 -4.696274920E+01 
       104  5.859980906E-02  1.598451265E-02 -3.648280832E-02 -6.711963327E+01 
       105  4.607163594E-02  7.757382048E-03 -3.640374637E-02 -4.292102818E+01 
       106  5.454829902E-02  1.614719702E-02 -3.632012395E-02 -5.822744446E+01 
       107  4.884276323E-02  1.621522865E-02 -3.625209231E-02 -4.921709914E+01 
       108  9.796209180E-02  1.634849291E-02 -3.611882806E-02 -1.176906738E+02 
       109  5.462978035E-02 -2.700180870E-03 -3.610503105E-02 -4.396602920E+01 
       110  4.351580778E-02  1.223266634E-02 -3.598634744E-02 -4.244903030E+01 
       111  9.604884322E-02  1.106342042E-02 -3.597045713E-02 -5.964957544E+01 
       112  8.867657254E-02  1.650917619E-02 -3.595814478E-02 -8.347944476E+01 
       113  8.046326321E-02  1.657073185E-02 -3.589658911E-02 -9.122309491E+01 
       114  7.289377547E-02  1.679949518E-02 -3.566782579E-02 -9.379901008E+01 
       115  9.595702822E-02  1.702862868E-02 -3.543869229E-02 -1.480670901E+02 
       116  4.265740488E-02  1.377652873E-02 -3.541362882E-02 -4.252120719E+01 
       117  4.682228422E-02  5.458009725E-03 -3.533304010E-02 -4.338662218E+01 
       118  9.799290031E-02  1.529465895E-02 -3.513693359E-02 -6.330745611E+01 
       119  9.402208775E-02  6.045405357E-03 -3.502759354E-02 -5.562067481E+01 
       120  5.006794666E-02  6.159513391E-04 -3.495511501E-02 -4.464085633E+01 
       121  4.407762913E-02 -2.651146574E-04 -3.492931078E-02 -4.427612697E+01 
       122  9.710394484E-02  1.239843884E-02 -3.491394872E-02 -6.027823857E+01 
       123  6.547291654E-02  1.755864363E-02 -3.490867733E-02 -8.695743807E+01 
       124  4.250289497E-02  2.151431052E-03 -3.487696330E-02 -4.356608185E+01 
       125  3.860683032E-02  1.439663701E-03 -3.486026132E-02 -4.350752594E+01 
       126  4.256818972E-02 -2.442548385E-03 -3.485839315E-02 -4.489337824E+01 
       127  3.848913431E-02 -1.923929269E-03 -3.482384486E-02 -4.441079810E+01 
       128  4.959467229E-02  1.069849911E-03 -3.480147002E-02 -4.466020111E+01 
       129  4.419162684E-02  9.616075409E-03 -3.475680595E-02 -4.260872737E+01 
       130  3.787816625E-02 -2.642516638E-03 -3.475161800E-02 -4.518904581E+01 
       131  3.261050150E-02 -2.217959520E-03 -3.474978366E-02 -4.452063485E+01 
       132  3.196353209E-02  2.174262105E-03 -3.472754350E-02 -4.329255952E+01 
       133  3.841211308E-03  2.084246348E-03 -3.471007471E-02 -4.290976009E+01 
       134  1.861356622E-02  3.208137102E-04 -3.470097171E-02 -4.352891828E+01 
       135  2.689439220E-02  2.537056550E-03 -3.469633666E-02 -4.309973099E+01 
       136  3.717233242E-02  3.217812554E-03 -3.467244174E-02 -4.300430690E+01 
       137  1.161541910E-02 -5.305590914E-05 -3.466578155E-02 -4.384435138E+01 
       138  2.262844909E-03 -7.145049904E-04 -3.465032264E-02 -4.406881088E+01 
       139  3.456157311E-02 -3.403981527E-03 -3.463780383E-02 -4.533205686E+01 
       140  3.312457655E-02  3.440076143E-03 -3.463317073E-02 -4.284234805E+01 
       141  4.348724357E-02  4.706831359E-03 -3.460622160E-02 -4.317604917E+01 
       142  7.773825808E-03  3.108251043E-03 -3.460311068E-02 -4.278657389E+01 
       143  1.418537835E-02  1.380336628E-03 -3.459710407E-02 -4.324606821E+01 
       144 -7.494541727E-19 -7.165722298E-04 -3.457707281E-02 -4.402522987E+01 
       145  2.484293458E-02 -2.317256893E-03 -3.456961925E-02 -4.444528628E+01 
       146  4.360560536E-02 -5.227490667E-03 -3.453313774E-02 -4.601475281E+01 
       147  2.064575417E-02 -3.029599089E-03 -3.452524665E-02 -4.500307692E+01 
       148  4.555324546E-02  4.695858137E-03 -3.448281746E-02 -4.351024152E+01 
       149  2.806457092E-02 -4.968070936E-03 -3.444349405E-02 -4.548667937E+01 
       150  4.252743890E-02  6.000249965E-03 -3.441726331E-02 -4.281400476E+01 
       151  8.795126901E-02  1.805207268E-02 -3.441524828E-02 -9.006923599E+01 
       152  3.877701547E-02  5.955402304E-03 -3.440917426E-02 -4.265146644E+01 
       153  4.911066096E-02  1.813130185E-02 -3.433601911E-02 -4.974312084E+01 
       154  1.048142788E-02 -4.300303322E-03 -3.432626126E-02 -4.569315263E+01 
       155  7.641905222E-02  1.815189100E-02 -3.431542996E-02 -9.551654217E+01 
       156  2.129193353E-02  5.279816902E-03 -3.430618877E-02 -4.255109345E+01 
       157  4.208064946E-02  1.408184483E-02 -3.430030592E-02 -4.263489488E+01 
       158  2.484900672E-02  5.746622877E-03 -3.428041607E-02 -4.254585447E+01 
       159  4.582869476E-02 -5.188854710E-03 -3.427790629E-02 -4.677012250E+01 
       160  4.230856261E-02 -6.820359746E-03 -3.424237574E-02 -4.690278477E+01 
       161  4.632501492E-02  5.136844330E-03 -3.423765040E-02 -4.342326523E+01 
       162  3.974655993E-02 -6.834739737E-03 -3.422258136E-02 -4.652537711E+01 
       163  5.098481808E-02 -1.074578490E-03 -3.421108378E-02 -4.485667193E+01 
       164  4.380270160E-02  1.825615055E-02 -3.421117041E-02 -4.678124840E+01 
       165  4.978273125E-03 -5.214092457E-03 -3.419740224E-02 -4.578916933E+01 
       166  1.555336751E-03  6.509054665E-03 -3.419316238E-02 -4.232793889E+01 
       167  1.431620889E-02  6.572093544E-03 -3.418000504E-02 -4.229005064E+01 
       168  5.988574638E-02  1.831994003E-02 -3.414738093E-02 -7.269454984E+01 
       169 -7.494541727E-19  6.443939763E-03 -3.414403179E-02 -4.242048970E+01 
       170  4.670067330E-02 -2.584124704E-04 -3.404625626E-02 -4.486770323E+01 
       171  3.258973713E-02  7.577086937E-03 -3.403500179E-02 -4.245667921E+01 
       172  5.359665632E-02  1.846154280E-02 -3.400577817E-02 -5.734110791E+01 
       173  8.573066482E-03  7.381478175E-03 -3.399506178E-02 -4.221968972E+01 
       174  4.068383381E-02  1.847418538E-02 -3.399313558E-02 -4.427584311E+01 
       175  3.459719043E-02 -7.903490975E-03 -3.395594104E-02 -4.705232227E+01 
       176  5.007859711E-02  1.854562826E-02 -3.392169270E-02 -5.166395794E+01 
       177  2.604018063E-02  8.210804759E-03 -3.386911727E-02 -4.235288145E+01 
       178  4.304426256E-02  8.685720998E-03 -3.384909081E-02 -4.262386750E+01 
       179  1.811695181E-02  8.329008142E-03 -3.384262844E-02 -4.224481625E+01 
       180  2.833964663E-02 -8.099155395E-03 -3.382319533E-02 -4.731661921E+01 
       181  3.808014839E-02 -8.618435775E-03 -3.381817637E-02 -4.759453616E+01 
       182  3.787200548E-02  8.640912800E-03 -3.381162891E-02 -4.251809937E+01 
       183  9.512958288E-02  7.000462852E-03 -3.379013183E-02 -5.645567665E+01 
       184  4.722903296E-02  6.590028550E-04 -3.376826840E-02 -4.444263841E+01 
       185  4.394946140E-02  9.095113199E-03 -3.372946513E-02 -4.266687832E+01 
       186  6.908252312E-02  1.874732310E-02 -3.371999786E-02 -9.400244968E+01 
       187  1.092829859E-02  8.657942673E-03 -3.371382441E-02 -4.223456235E+01 
       188  1.865392404E-02 -7.624424431E-03 -3.366947120E-02 -4.701103835E+01 
       189  4.750397577E-02 -2.581848671E-03 -3.366374647E-02 -4.593691219E+01 
       190  2.995136871E-02  9.271387071E-03 -3.357704850E-02 -4.244921577E+01 
       191  3.574795713E-02  9.515229008E-03 -3.356585784E-02 -4.251271413E+01 
       192  3.286891681E-02 -9.308705150E-03 -3.356397340E-02 -4.806623000E+01 
       193  3.982007232E-03  9.585272448E-03 -3.355371141E-02 -4.216330990E+01 
       194  8.415431369E-02  1.892231616E-02 -3.354500480E-02 -9.334908139E+01 
       195  1.403694952E-02 -8.401596653E-03 -3.347065572E-02 -4.752113230E+01 
       196  4.189950285E-02  1.901311349E-02 -3.345420747E-02 -4.581951705E+01 
       197  4.365428772E-02 -1.007223659E-02 -3.344578640E-02 -4.817844054E+01 
       198  6.248117182E-02  1.902331972E-02 -3.344400124E-02 -8.195204808E+01 
       199  4.841779896E-02  1.175592443E-03 -3.344212085E-02 -4.470574445E+01 
       200  5.131282120E-02  1.907393959E-02 -3.339338137E-02 -5.401469379E+01 
       201  5.199392326E-02 -2.779662991E-03 -3.338633566E-02 -4.441241060E+01 
       202  4.042621556E-02  1.035620955E-02 -3.338380755E-02 -4.248665962E+01 
       203  4.631160629E-02  1.912360678E-02 -3.334371419E-02 -4.836846016E+01 
       204  2.849881961E-03 -9.133948717E-03 -3.328808598E-02 -4.758898332E+01 
       205  2.673755210E-02 -9.875641658E-03 -3.327850964E-02 -4.862049684E+01 
       206 -7.494541727E-19 -9.104543514E-03 -3.317822745E-02 -4.742450855E+01 
       207  9.551116004E-02  1.934820255E-02 -3.311911841E-02 -1.265025480E+02 
       208  4.749685094E-02 -7.625343480E-03 -3.310190724E-02 -4.838972115E+01 
       209  2.127463908E-02 -1.030478717E-02 -3.308832313E-02 -4.859687423E+01 
       210  1.845000040E-02  1.102532448E-02 -3.306598237E-02 -4.239187270E+01 
       211  4.878946862E-02 -3.188807720E-03 -3.305860506E-02 -4.589494255E+01 
       212  3.702829747E-03  1.118876535E-02 -3.304723668E-02 -4.239482407E+01 
       213  4.618377835E-02 -9.937179410E-03 -3.299745681E-02 -4.913193230E+01 
       214  1.133805158E-02  1.162343358E-02 -3.291476454E-02 -4.241221002E+01 
       215  3.900666541E-02 -1.162165792E-02 -3.290516407E-02 -4.894532166E+01 
       216  4.219249434E-02 -1.184795363E-02 -3.284758778E-02 -4.914584621E+01 
       217  4.055680379E-02  1.768482303E-02 -3.281844904E-02 -4.288793931E+01 
       218  2.407696021E-02  1.190530781E-02 -3.276425155E-02 -4.250626422E+01 
       219  4.851446570E-02 -7.444218894E-03 -3.270302980E-02 -4.775785409E+01 
       220 -7.494541727E-19  1.224142378E-02 -3.261820574E-02 -4.262647477E+01 
       221  4.935806617E-02 -9.187051500E-04 -3.260808024E-02 -4.532986444E+01 
       222  1.686612535E-03  1.232897711E-02 -3.258034275E-02 -4.266803364E+01 
       223  4.052630104E-02  1.263370585E-02 -3.256223292E-02 -4.259941013E+01 
       224  3.559450421E-02  1.263507613E-02 -3.255002892E-02 -4.266228222E+01 
       225  5.658406614E-02  1.994345934E-02 -3.252386162E-02 -6.527483441E+01 
       226  2.058246224E-02  1.247010221E-02 -3.251176276E-02 -4.262444733E+01 
       227  3.062258936E-02  1.277491684E-02 -3.250484458E-02 -4.263970873E+01 
       228  5.175328500E-02 -3.510399065E-03 -3.245401843E-02 -4.477712354E+01 
       229  5.462978035E-02 -6.381185279E-03 -3.242402664E-02 -4.464681528E+01 
       230  4.185005941E-02  1.299786881E-02 -3.241228490E-02 -4.258353478E+01 
       231  3.366659884E-02 -1.304153363E-02 -3.231720882E-02 -4.994649506E+01 
       232  1.482511139E-02  1.317686739E-02 -3.230525766E-02 -4.260098798E+01 
       233  6.009518970E-03  1.338747633E-02 -3.221892786E-02 -4.269539868E+01 
       234  9.447410712E-03  1.343589217E-02 -3.221133128E-02 -4.267468253E+01 
       235  3.730992768E-02 -1.349742765E-02 -3.216297450E-02 -5.028758297E+01 
       236  3.972644359E-02  2.033039837E-02 -3.213692260E-02 -4.364415362E+01 
       237  4.187227928E-02  2.033039837E-02 -3.213692260E-02 -4.536829687E+01 
       238  4.407256210E-02  2.033039837E-02 -3.213692260E-02 -4.702661229E+01 
       239  4.641091792E-02  2.033039837E-02 -3.213692260E-02 -4.878859014E+01 
       240  4.855065048E-02  2.033039837E-02 -3.213692260E-02 -5.241748195E+01 
       241  9.101314296E-02  2.034636054E-02 -3.212096043E-02 -9.131082455E+01 
       242  3.378864220E-02  1.378154723E-02 -3.207708182E-02 -4.279624001E+01 
       243  3.848662777E-02  1.383501699E-02 -3.207126909E-02 -4.276654557E+01 
       244  2.564818092E-02  1.399571906E-02 -3.200558594E-02 -4.275858679E+01 
       245  2.904551407E-02  1.426198222E-02 -3.188931489E-02 -4.280482835E+01 
       246  1.155615174E-02 -1.337106589E-02 -3.180933003E-02 -4.935601789E+01 
       247  7.647931077E-02  2.066046714E-02 -3.180685383E-02 -1.002601471E+02 
       248  4.343668724E-02 -1.471569976E-02 -3.168225025E-02 -5.052334336E+01 
       249  3.965277172E-02  2.028333524E-02 -3.168196211E-02 -4.292318668E+01 
       250  4.755413981E-02 -1.206066007E-02 -3.163726690E-02 -5.046565082E+01 
       251  5.724186700E-03 -1.372318910E-02 -3.160045183E-02 -4.939478065E+01 
       252  2.839677079E-02 -1.455264368E-02 -3.157767567E-02 -5.067152841E+01 
       253  1.002715887E-01  2.093923274E-02 -3.152808822E-02 -1.150751669E+02 
       254  5.281486732E-02 -5.575345848E-03 -3.147150079E-02 -4.427484247E+01 
       255  3.175241221E-02 -1.494576644E-02 -3.145712554E-02 -5.135887843E+01 
       256  4.019190163E-02  1.776945390E-02 -3.142002645E-02 -4.289984610E+01 
       257  4.917734544E-02 -6.890097285E-03 -3.134456539E-02 -4.601459647E+01 
       258  2.100074644E-02 -1.516492339E-02 -3.127526428E-02 -5.077735727E+01 
       259  4.621365396E-02 -1.450919437E-02 -3.123770035E-02 -5.115088194E+01 
       260  9.819248289E-02  2.128292805E-02 -3.118439292E-02 -1.408958772E+02 
       261  4.972329572E-02 -2.831136813E-03 -3.113365896E-02 -4.537899449E+01 
       262  4.874446394E-02 -1.188149477E-02 -3.111306429E-02 -4.961667208E+01 
       263  9.402208775E-02  2.020818345E-03 -3.100300653E-02 -4.887524978E+01 
       264  4.013496523E-02  1.764870752E-02 -3.096240283E-02 -4.283242165E+01 
       265  8.324636103E-02  2.155738696E-02 -3.090993401E-02 -9.963509828E+01 
       266  1.504945549E-02  1.625871104E-02 -3.089147794E-02 -4.286037435E+01 
       267  2.021332894E-02  1.636504755E-02 -3.082936114E-02 -4.286037018E+01 
       268  3.855775202E-02 -1.646989334E-02 -3.077941519E-02 -5.198087335E+01 
       269  5.096856095E-02  2.170269783E-02 -3.076462314E-02 -5.639272816E+01 
       270  9.619315668E-02  6.155645199E-03 -3.074825360E-02 -5.024505721E+01 
       271  4.196044372E-02 -1.663999111E-02 -3.070079629E-02 -5.193936294E+01 
       272  3.394746147E-02  1.669965438E-02 -3.068990870E-02 -4.291292859E+01 
       273  1.019508846E-02  1.670452451E-02 -3.067468273E-02 -4.290090884E+01 
       274  3.861270787E-02  1.671720014E-02 -3.066728577E-02 -4.285440940E+01 
       275  2.624887101E-02 -1.648345270E-02 -3.066612498E-02 -5.192872656E+01 
       276  9.984641584E-02  1.728262543E-02 -3.065743576E-02 -6.660387957E+01 
       277  5.132225729E-03  1.673259399E-02 -3.064530270E-02 -4.294459932E+01 
       278  5.655731455E-02  2.183775189E-02 -3.062956907E-02 -6.593164544E+01 
       279  2.471469467E-02  1.680835081E-02 -3.062156182E-02 -4.290029875E+01 
       280 -7.494541727E-19  1.676203065E-02 -3.061083521E-02 -4.304507357E+01 
       281  6.958354966E-02  2.186351766E-02 -3.060380330E-02 -9.674795084E+01 
       282  2.958508035E-02  1.693289232E-02 -3.057600590E-02 -4.292720124E+01 
       283  6.275255548E-02  2.191548373E-02 -3.055183723E-02 -8.367308296E+01 
       284  4.942139119E-02  2.193556439E-02 -3.053175658E-02 -5.638732085E+01 
       285  1.633569111E-03  1.697338758E-02 -3.049531581E-02 -4.299351967E+01 
       286  4.017024662E-02  1.702024296E-02 -3.049078211E-02 -4.282322416E+01 
       287  4.952436722E-02 -7.421991412E-03 -3.045958159E-02 -4.579980149E+01 
       288 -7.494541727E-19  2.014954360E-02 -3.038859493E-02 -4.303311749E+01 
       289  2.367984049E-03  2.014954360E-02 -3.038859493E-02 -4.297726367E+01 
       290  7.325275251E-03  2.014954360E-02 -3.038859493E-02 -4.291185749E+01 
       291  1.229194646E-02  2.014954360E-02 -3.038859493E-02 -4.286733977E+01 
       292  1.721099647E-02  2.014954360E-02 -3.038859493E-02 -4.285658228E+01 
       293  2.211165548E-02  2.014954360E-02 -3.038859493E-02 -4.286362282E+01 
       294  2.701870682E-02  2.014954360E-02 -3.038859493E-02 -4.287664249E+01 
       295  3.196995871E-02  2.014954360E-02 -3.038859493E-02 -4.288453894E+01 
       296  3.692341283E-02  2.014954360E-02 -3.038859493E-02 -4.286372735E+01 
       297  3.944333643E-02  2.014954360E-02 -3.038859493E-02 -4.284735218E+01 
       298  1.003202879E-01  1.975696262E-02 -3.038789501E-02 -6.961105372E+01 
       299  1.726526235E-02  1.738129844E-02 -3.026308339E-02 -4.288668439E+01 
       300  2.467344396E-03  1.749138724E-02 -3.021138791E-02 -4.299778048E+01 
       301  1.233409013E-02  1.760943140E-02 -3.016156747E-02 -4.289296900E+01 
       302  2.219503485E-02  1.759906988E-02 -3.016061627E-02 -4.288966390E+01 
       303  3.697945612E-02  1.776110815E-02 -3.008408970E-02 -4.288055831E+01 
       304  7.973236791E-02  2.239448973E-02 -3.007283124E-02 -1.019594574E+02 
       305  4.923403507E-02 -1.141015557E-02 -3.000356183E-02 -4.723817716E+01 
       306  3.205169551E-02  1.791803511E-02 -3.000265876E-02 -4.290743363E+01 
       307 -7.494541727E-19  1.967538858E-02 -2.991443991E-02 -4.302297964E+01 
       308  1.231962941E-02  1.963640098E-02 -2.987545231E-02 -4.286850109E+01 
       309  3.697945612E-02  1.962172677E-02 -2.986077809E-02 -4.285181542E+01 
       310  3.205169551E-02  1.961365284E-02 -2.985270417E-02 -4.287922850E+01 
       311  3.944333643E-02  1.961146875E-02 -2.985052008E-02 -4.284222310E+01 
       312  7.401407618E-03  1.960703696E-02 -2.984608829E-02 -4.290926173E+01 
       313  9.849069447E-02  1.116851718E-02 -2.984201381E-02 -5.632468163E+01 
       314  1.726526235E-02  1.960124340E-02 -2.984029473E-02 -4.285312669E+01 
       315  7.232821740E-02  2.268840759E-02 -2.977891338E-02 -1.012637575E+02 
       316  4.755913164E-02 -1.639906884E-02 -2.961858132E-02 -5.262935149E+01 
       317  3.321206518E-02 -1.850059931E-02 -2.954459882E-02 -5.350581069E+01 
       318  5.340740769E-02  2.293518874E-02 -2.953213222E-02 -6.024124051E+01 
       319  9.535926951E-02  3.272791773E-03 -2.951271593E-02 -4.710185517E+01 
       320  1.782241703E-02 -1.783426759E-02 -2.943835935E-02 -5.213367101E+01 
       321  1.508305818E-02 -1.800615032E-02 -2.940136226E-02 -5.144786238E+01 
       322  3.044246584E-03 -1.789751621E-02 -2.939992943E-02 -5.014629704E+01 
       323  3.662937055E-02 -1.877937733E-02 -2.938506523E-02 -5.376721741E+01 
       324 -7.494541727E-19  1.909390993E-02 -2.933296126E-02 -4.304495273E+01 
       325  2.475147217E-03  1.909390993E-02 -2.933296126E-02 -4.299277487E+01 
       326  7.426780460E-03  1.909390993E-02 -2.933296126E-02 -4.293133467E+01 
       327  1.236968310E-02  1.909390993E-02 -2.933296126E-02 -4.288344452E+01 
       328  1.728554708E-02  1.909390993E-02 -2.933296126E-02 -4.288414400E+01 
       329  2.218148150E-02  1.909390993E-02 -2.933296126E-02 -4.288095426E+01 
       330  2.710678289E-02  1.909390993E-02 -2.933296126E-02 -4.289283705E+01 
       331  3.201883121E-02  1.909390993E-02 -2.933296126E-02 -4.288582603E+01 
       332  3.689647471E-02  1.909390993E-02 -2.933296126E-02 -4.285978296E+01 
       333  3.944333643E-02  1.909390993E-02 -2.933296126E-02 -4.284224563E+01 
       334 -7.494541727E-19 -1.783728701E-02 -2.929552145E-02 -4.981597327E+01 
       335  9.010934419E-02  2.318201008E-02 -2.928531088E-02 -9.967424498E+01 
       336  4.328780263E-02 -1.906482619E-02 -2.928339799E-02 -5.365711383E+01 
       337  5.941033922E-02  2.321139812E-02 -2.925592284E-02 -7.483042466E+01 
       338  6.622676624E-02  2.334306368E-02 -2.912425728E-02 -9.168307157E+01 
       339  4.876264554E-02 -1.614222096E-02 -2.912093562E-02 -5.172187067E+01 
       340  9.805565519E-02  8.879596707E-03 -2.889600733E-02 -4.871477864E+01 
       341  4.621068786E-02 -1.879544524E-02 -2.886964136E-02 -5.382273448E+01 
       342  9.724449470E-02  2.369086177E-02 -2.877645919E-02 -1.218327753E+02 
       343  5.193919805E-02 -7.444885648E-03 -2.875357519E-02 -4.443454770E+01 
       344  4.961261521E-02 -1.198901885E-02 -2.875178512E-02 -4.712571908E+01 
       345  5.462978035E-02 -1.005552929E-02 -2.874968263E-02 -4.512496549E+01 
       346  8.643342852E-02  2.389201784E-02 -2.857530313E-02 -1.041946595E+02 
       347  9.970280903E-02  1.428519089E-02 -2.850485645E-02 -6.168347227E+01 
       348  2.687551599E-02 -2.030755718E-02 -2.824751995E-02 -5.435780240E+01 
       349  4.919151608E-02 -1.561605804E-02 -2.819194113E-02 -4.924475882E+01 
       350  5.009999871E-02 -6.529760376E-03 -2.788680558E-02 -4.473010678E+01 
       351  5.283438388E-02 -9.214364058E-03 -2.785139106E-02 -4.412744954E+01 
       352  9.254142146E-02  2.465063789E-02 -2.781668308E-02 -9.964007576E+01 
       353  4.186921071E-02 -2.116999769E-02 -2.776521832E-02 -5.559946779E+01 
       354  3.818728225E-02 -2.116481448E-02 -2.776043925E-02 -5.579391987E+01 
       355  3.053268492E-02 -2.107880665E-02 -2.771802201E-02 -5.530814356E+01 
       356  5.319387799E-02  2.505272703E-02 -2.741459393E-02 -6.202498373E+01 
       357  5.915373860E-02  2.530811630E-02 -2.715920466E-02 -7.272762617E+01 
       358  7.878994098E-02  2.538717817E-02 -2.708014279E-02 -1.070501745E+02 
       359  4.756059067E-02 -2.042608312E-02 -2.701004776E-02 -5.582803246E+01 
       360  5.147275950E-02  2.546110805E-02 -2.700621292E-02 -6.042108477E+01 
       361  7.373688871E-02  2.568861673E-02 -2.677870423E-02 -1.052963060E+02 
       362  2.298161868E-02 -2.243276596E-02 -2.666628596E-02 -5.467330683E+01 
       363  8.540421768E-02  2.586794819E-02 -2.659937277E-02 -1.100610643E+02 
       364  4.876528876E-02 -2.009369470E-02 -2.656454744E-02 -5.484189309E+01 
       365  4.965836637E-02 -1.625470634E-02 -2.644299792E-02 -4.936100808E+01 
       366  1.198793868E-02 -2.213276695E-02 -2.640691971E-02 -5.250234868E+01 
       367  5.009999871E-02 -1.098185489E-02 -2.639976620E-02 -4.483100311E+01 
       368  9.402208775E-02 -2.640608126E-03 -2.634158006E-02 -4.316592412E+01 
       369  6.594684538E-02  2.615400515E-02 -2.631331581E-02 -8.969008000E+01 
       370  6.030491870E-03 -2.216944295E-02 -2.628711563E-02 -5.104328691E+01 
       371  4.327417412E-02 -2.301635486E-02 -2.627295624E-02 -5.743127288E+01 
       372  2.287286713E-02 -2.310290830E-02 -2.615435432E-02 -5.561423003E+01 
       373  9.999516577E-02  2.633678725E-02 -2.613053371E-02 -1.266035969E+02 
       374  1.011210641E-01  2.634460646E-02 -2.612271450E-02 -1.112163974E+02 
       375  5.565611814E-02  2.643575543E-02 -2.603156553E-02 -6.516135129E+01 
       376  4.621237851E-02 -2.269862681E-02 -2.591178819E-02 -5.763061567E+01 
       377  8.022597288E-02  2.657546351E-02 -2.589185746E-02 -1.106249106E+02 
       378  4.915963598E-02 -1.949738278E-02 -2.578117942E-02 -5.222367051E+01 
       379  9.636016883E-02  1.652908044E-03 -2.573569180E-02 -4.174970293E+01 
       380  7.290225140E-02  2.674525659E-02 -2.572206437E-02 -1.032299425E+02 
       381  1.010816665E-01  2.120519046E-02 -2.550962785E-02 -7.829928099E+01 
       382  5.009999871E-02 -1.109381069E-02 -2.535681604E-02 -4.458608943E+01 
       383  6.202024131E-02  2.713535362E-02 -2.533196735E-02 -7.995878043E+01 
       384  3.644257197E-02 -2.388232594E-02 -2.531802356E-02 -5.809782087E+01 
       385  5.191354501E-02 -1.095530086E-02 -2.521830622E-02 -4.427831615E+01 
       386  3.221761022E-02 -2.408419617E-02 -2.514191525E-02 -5.803599658E+01 
       387  6.785309645E-02  2.735229344E-02 -2.511502752E-02 -9.459815480E+01 
       388  5.462978035E-02 -1.372678715E-02 -2.507842477E-02 -4.572552074E+01 
       389  1.011965747E-01  2.504277320E-02 -2.482949013E-02 -8.615663613E+01 
       390  9.549206119E-02 -1.145738504E-03 -2.471950464E-02 -4.069818310E+01 
       391  9.242048696E-02  2.780176245E-02 -2.466555851E-02 -1.085293285E+02 
       392  4.226400888E-02 -2.474548582E-02 -2.465983379E-02 -5.954300251E+01 
       393  5.009999871E-02 -1.006193583E-02 -2.435463012E-02 -4.416741359E+01 
       394  9.914300649E-02  7.875626271E-03 -2.421544057E-02 -4.692662631E+01 
       395  5.285785159E-02 -1.287853942E-02 -2.420995222E-02 -4.434859796E+01 
       396  8.709099119E-02  2.835008739E-02 -2.411723358E-02 -1.168390609E+02 
       397  5.538774966E-02  2.836602463E-02 -2.410129633E-02 -6.534673252E+01 
       398  1.005695106E-01  1.460538724E-02 -2.408560915E-02 -6.418269767E+01 
       399  3.816134867E-02 -2.526601721E-02 -2.403106848E-02 -6.005395396E+01 
       400  4.756128695E-02 -2.402987694E-02 -2.385340779E-02 -6.012147329E+01 
       401  5.009999871E-02 -1.463059041E-02 -2.380289386E-02 -4.593756831E+01 
       402  6.132797615E-02  2.879278020E-02 -2.367454077E-02 -7.533181176E+01 
       403  9.717324060E-02  2.887285232E-02 -2.359446864E-02 -1.180334223E+02 
       404  5.376902316E-02  2.887467052E-02 -2.359265044E-02 -6.351409606E+01 
       405  4.968682556E-02 -2.012838614E-02 -2.354289096E-02 -5.266135540E+01 
       406  9.032320628E-02  2.894528957E-02 -2.352203139E-02 -1.176960304E+02 
       407  4.876929657E-02 -2.363511791E-02 -2.346363542E-02 -5.920547693E+01 
       408  7.988591494E-02  2.906138173E-02 -2.340593923E-02 -1.148977799E+02 
       409  9.867392757E-02  5.207280898E-03 -2.307608283E-02 -4.218093332E+01 
       410  1.010615452E-01  1.815441527E-02 -2.295710576E-02 -7.913884729E+01 
       411  7.438734806E-02  2.960157286E-02 -2.286574810E-02 -1.044235111E+02 
       412  5.751116423E-02  2.960562494E-02 -2.286169603E-02 -6.779189414E+01 
       413  3.072030568E-03 -2.571067807E-02 -2.284482948E-02 -5.259526690E+01 
       414  4.914661236E-02 -2.296240568E-02 -2.280180610E-02 -5.621279173E+01 
       415 -7.494541727E-19 -2.561508131E-02 -2.275687292E-02 -5.256653464E+01 
       416  4.388672526E-02 -2.651236732E-02 -2.274102510E-02 -6.143318717E+01 
       417  3.028627972E-02 -2.638772639E-02 -2.259618583E-02 -5.961039204E+01 
       418  2.739394678E-02 -2.641374674E-02 -2.247057631E-02 -5.774983768E+01 
       419  1.815166060E-02 -2.611731162E-02 -2.242350951E-02 -5.630652902E+01 
       420  4.621586168E-02 -2.614263710E-02 -2.242258700E-02 -6.212527511E+01 
       421  1.524945280E-02 -2.622831895E-02 -2.240452355E-02 -5.542162970E+01 
       422  1.003957923E-01  1.161845904E-02 -2.234263089E-02 -5.721722571E+01 
       423  5.009999871E-02 -1.508372296E-02 -2.223038309E-02 -4.584661859E+01 
       424  7.747208671E-02  3.032304118E-02 -2.214427979E-02 -1.105191297E+02 
       425  6.762556128E-02  3.033182636E-02 -2.213549461E-02 -9.165047092E+01 
       426  8.398627341E-02  3.052359802E-02 -2.194372294E-02 -1.192107081E+02 
       427  5.189562395E-02 -1.450479213E-02 -2.165145226E-02 -4.492174357E+01 
       428  6.304478982E-02  3.102062653E-02 -2.144669443E-02 -7.738612506E+01 
       429  5.462978035E-02 -1.739686288E-02 -2.140834904E-02 -4.740622600E+01 
       430  3.816617368E-02 -2.759666898E-02 -2.131062466E-02 -6.211010908E+01 
       431  5.009999871E-02 -1.796132430E-02 -2.101013132E-02 -4.806044706E+01 
       432  6.537640045E-02  3.148049358E-02 -2.098682739E-02 -8.394136913E+01 
       433  9.402208775E-02 -8.066591961E-03 -2.091559622E-02 -4.077796605E+01 
       434  7.140542686E-02  3.156081936E-02 -2.090650160E-02 -9.708569635E+01 
       435  9.811469184E-02  3.164089754E-02 -2.082642343E-02 -1.301856648E+02 
       436  5.009999871E-02 -1.363013424E-02 -2.078643171E-02 -4.488237607E+01 
       437  4.230313846E-02 -2.808776879E-02 -2.077598332E-02 -6.290707791E+01 
       438  5.725939795E-02  3.181733371E-02 -2.064998725E-02 -6.779429795E+01 
       439  5.285857169E-02 -1.654147592E-02 -2.054771338E-02 -4.562571098E+01 
       440  1.000288459E-01  3.200937835E-02 -2.045794261E-02 -1.191226558E+02 
       441  9.657093985E-02 -3.179726838E-03 -2.035452029E-02 -3.613660445E+01 
       442  5.630359266E-02  3.217802338E-02 -2.028929758E-02 -6.644633175E+01 
       443  9.089862103E-02  3.220468622E-02 -2.026263475E-02 -1.224924510E+02 
       444  4.755649520E-02 -2.714790736E-02 -2.022140266E-02 -6.492545013E+01 
       445  4.969413779E-02 -2.352784690E-02 -2.010722003E-02 -5.684805170E+01 
       446  8.431229538E-02  3.240998560E-02 -2.005733537E-02 -1.197581742E+02 
       447  1.009066761E-01  2.624588967E-02 -2.002021807E-02 -9.998661761E+01 
       448  3.669082543E-02 -2.854238873E-02 -1.992017958E-02 -6.246938445E+01 
       449  3.243527736E-02 -2.854932097E-02 -1.991983046E-02 -6.136352907E+01 
       450  4.877307492E-02 -2.668875167E-02 -1.988609772E-02 -6.421149926E+01 
       451  6.014882849E-02  3.285807991E-02 -1.960924105E-02 -7.086636353E+01 
       452  7.797883534E-02  3.303498973E-02 -1.943233123E-02 -1.077733383E+02 
       453  4.915349557E-02 -2.592408893E-02 -1.932268147E-02 -6.079681843E+01 
       454  9.549195738E-02 -6.528036103E-03 -1.929661517E-02 -3.700330059E+01 
       455  9.511853851E-02  3.337875988E-02 -1.908856109E-02 -1.309841399E+02 
       456  1.001078544E-01  3.066594309E-02 -1.908468079E-02 -1.070355240E+02 
       457  8.807601878E-02  3.364533200E-02 -1.882198896E-02 -1.221171604E+02 
       458  5.009999871E-02 -1.880203996E-02 -1.880086203E-02 -4.820216237E+01 
       459  7.181956850E-02  3.367082249E-02 -1.879649847E-02 -9.444106292E+01 
       460  4.334021747E-02 -2.946945790E-02 -1.874991620E-02 -6.487871675E+01 
       461  2.320191192E-02 -2.940407984E-02 -1.874630945E-02 -5.849903826E+01 
       462  6.009188001E-03 -2.895194154E-02 -1.858933766E-02 -5.977970146E+01 
       463  1.222165800E-02 -2.907035711E-02 -1.851319173E-02 -6.221041191E+01 
       464  4.622547054E-02 -2.905191228E-02 -1.848423214E-02 -6.657866817E+01 
       465  8.144473441E-02  3.407307802E-02 -1.839424295E-02 -1.126940233E+02 
       466  9.955669838E-02  3.761752916E-03 -1.831021819E-02 -4.612652651E+01 
       467  1.012247780E-01  1.909519763E-02 -1.826427548E-02 -9.430783746E+01 
       468  6.594936565E-02  3.421705316E-02 -1.825026781E-02 -8.142750705E+01 
       469  5.188917592E-02 -1.807558760E-02 -1.807440966E-02 -4.687621924E+01 
       470  5.009999871E-02 -2.100920146E-02 -1.795963699E-02 -5.111001311E+01 
       471  7.519248939E-02  3.462921175E-02 -1.783810922E-02 -9.894145780E+01 
       472  5.462978035E-02 -2.103942739E-02 -1.776578453E-02 -5.085230953E+01 
       473  6.047611582E-02  3.472647033E-02 -1.774085064E-02 -7.106270892E+01 
       474  6.917889464E-02  3.518663705E-02 -1.728068392E-02 -8.638308351E+01 
       475  5.009999871E-02 -1.720775755E-02 -1.720880840E-02 -4.688368802E+01 
       476  3.127642304E-02 -3.034340140E-02 -1.717834180E-02 -6.186390488E+01 
       477  9.900106472E-02  5.192286648E-04 -1.715820759E-02 -3.974555486E+01 
       478  1.009246718E-01  2.326518775E-02 -1.715799470E-02 -1.089335481E+02 
       479  5.906867946E-02  3.537405759E-02 -1.709326338E-02 -6.938289912E+01 
       480  5.285600090E-02 -2.018002039E-02 -1.690667821E-02 -4.826657092E+01 
       481  4.195715651E-02 -3.059088085E-02 -1.682231045E-02 -6.574802595E+01 
       482  6.321414505E-02  3.564873884E-02 -1.681858213E-02 -7.408482891E+01 
       483  1.009702242E-01  1.145267305E-02 -1.675744357E-02 -7.491389749E+01 
       484  3.851649431E-02 -3.061838390E-02 -1.674831068E-02 -6.416896661E+01 
       485  2.343306955E-02 -3.043050082E-02 -1.671263295E-02 -6.287640069E+01 
       486  8.176402991E-02  3.592899775E-02 -1.652865114E-02 -1.080475030E+02 
       487  8.810079980E-02  3.619746532E-02 -1.621690370E-02 -1.167422497E+02 
       488  4.968028459E-02 -2.638981303E-02 -1.621080117E-02 -6.132799881E+01 
       489  4.755025179E-02 -2.971724472E-02 -1.620293347E-02 -7.012835115E+01 
       490  9.522759756E-02  3.640016750E-02 -1.593521158E-02 -1.305062671E+02 
       491  4.876474460E-02 -2.921893371E-02 -1.592458891E-02 -6.975584397E+01 
       492  4.917752825E-02 -2.831832841E-02 -1.542632491E-02 -6.567213765E+01 
       493  2.710899123E-02 -3.112222782E-02 -1.541050709E-02 -6.350250234E+01 
       494  1.012352639E-01  1.545506243E-02 -1.522927075E-02 -9.698092497E+01 
       495  1.007954806E-01  8.263395449E-03 -1.520962001E-02 -6.868550616E+01 
       496  9.696156925E-02  3.707970251E-02 -1.519443779E-02 -1.218489638E+02 
       497  7.576045017E-02  3.724572933E-02 -1.509463479E-02 -9.534148565E+01 
       498  8.529604431E-02  3.730464913E-02 -1.508862081E-02 -1.098717748E+02 
       499  5.009999871E-02 -2.222812292E-02 -1.507901689E-02 -5.165646029E+01 
       500  6.943969149E-02  3.729880916E-02 -1.502416392E-02 -8.315389052E+01 
       501  9.402208775E-02 -1.410358446E-02 -1.487860372E-02 -4.171058676E+01 
       502  9.891063050E-02  3.150788242E-02 -1.479642131E-02 -1.155358741E+02 
       503  6.351150765E-02  3.768582848E-02 -1.469883277E-02 -7.331928682E+01 
       504  5.009999871E-02 -2.379097534E-02 -1.462938069E-02 -5.514723437E+01 
       505  9.673078221E-02 -8.604576897E-03 -1.458578372E-02 -3.521167030E+01 
       506  9.170538515E-02  3.772105456E-02 -1.455346258E-02 -1.202332807E+02 
       507  5.188810540E-02 -2.164903306E-02 -1.449992703E-02 -5.043909349E+01 
       508  7.877338154E-02  3.784806901E-02 -1.447216364E-02 -9.962992183E+01 
       509  4.344263647E-02 -3.183967681E-02 -1.438561952E-02 -6.893847460E+01 
       510  3.700526169E-02 -3.177355564E-02 -1.438457628E-02 -6.518154735E+01 
       511  4.621008532E-02 -3.138680157E-02 -1.418094374E-02 -7.218946054E+01 
       512  5.462978035E-02 -2.464345333E-02 -1.416175859E-02 -5.598010350E+01 
       513  2.924758598E-03 -3.136398105E-02 -1.414663675E-02 -7.817789604E+01 
       514  3.433034139E-02 -3.190166824E-02 -1.409090458E-02 -6.396967693E+01 
       515 -7.494541727E-19 -3.123605383E-02 -1.408874621E-02 -7.981198767E+01 
       516  6.210117173E-02  3.841865948E-02 -1.391198822E-02 -7.179005807E+01 
       517  1.485153923E-02 -3.157955991E-02 -1.387679198E-02 -7.638755478E+01 
       518  9.706522019E-02  3.573841485E-02 -1.384236459E-02 -1.133400708E+02 
       519  5.009999871E-02 -2.078397449E-02 -1.363259146E-02 -5.038431062E+01 
       520  7.332595457E-02  3.858678955E-02 -1.359432311E-02 -8.765694917E+01 
       521  6.668947970E-02  3.876904855E-02 -1.342933451E-02 -7.606697079E+01 
       522  9.542071386E-02 -1.261509786E-02 -1.338805873E-02 -3.858188669E+01 
       523  1.956603307E-02 -3.183366805E-02 -1.335796736E-02 -7.415193416E+01 
       524  5.284266567E-02 -2.377531012E-02 -1.329846875E-02 -5.303094336E+01 
       525  1.001670146E-01  2.427838121E-02 -1.284561331E-02 -1.217668101E+02 
       526  8.477598217E-02  3.958625092E-02 -1.253675055E-02 -1.037441661E+02 
       527  9.982861553E-02 -1.166676871E-03 -1.236762363E-02 -4.836295837E+01 
       528  4.963110309E-02 -2.868843410E-02 -1.196021950E-02 -6.659384677E+01 
       529  9.890607994E-02  2.868379971E-02 -1.193423332E-02 -1.228378409E+02 
       530  4.204545817E-02 -3.282057044E-02 -1.193203309E-02 -7.098692987E+01 
       531  4.753750802E-02 -3.171503848E-02 -1.187819382E-02 -7.675328394E+01 
       532  8.026432686E-02  4.019913277E-02 -1.179197113E-02 -9.841243497E+01 
       533  3.906520640E-02 -3.288500173E-02 -1.174570752E-02 -6.877086504E+01 
       534  4.872626463E-02 -3.120427368E-02 -1.166882813E-02 -7.636574614E+01 
       535  7.327776892E-02  4.021459885E-02 -1.163607292E-02 -8.448774986E+01 
       536  9.113370274E-02  4.032098719E-02 -1.144892090E-02 -1.108160931E+02 
       537  6.681971925E-02  4.040825413E-02 -1.144335285E-02 -7.541825048E+01 
       538  4.920323555E-02 -3.012226338E-02 -1.123810371E-02 -7.172293379E+01 
       539  9.910831874E-02 -5.230794468E-03 -1.121638481E-02 -4.153048468E+01 
       540  5.009999871E-02 -2.534502285E-02 -1.107985636E-02 -5.736676772E+01 
       541  5.009999871E-02 -2.638854187E-02 -1.097221007E-02 -6.135411899E+01 
       542  5.189463788E-02 -2.521022776E-02 -1.094506128E-02 -5.704314140E+01 
       543  2.855960993E-02 -3.312681218E-02 -1.080033424E-02 -6.788968509E+01 
       544  3.253935930E-02 -3.316410855E-02 -1.076076827E-02 -6.734509748E+01 
       545  1.008957086E-01  1.658544328E-02 -1.072109958E-02 -1.201117689E+02 
       546  5.462978035E-02 -2.819368460E-02 -1.061152732E-02 -6.435118112E+01 
       547  9.248123750E-02  4.100447511E-02 -1.052663652E-02 -1.095296299E+02 
       548  6.544166199E-02  4.115073004E-02 -1.052608518E-02 -7.421455270E+01 
       549  7.957549883E-02  4.111886025E-02 -1.051465446E-02 -9.422856719E+01 
       550  8.712704506E-02  4.112199959E-02 -1.048471446E-02 -1.020967844E+02 
       551  1.011713606E-01  7.125261942E-03 -1.014966951E-02 -9.125707239E+01 
       552  5.009999871E-02 -2.434537580E-02 -1.007119015E-02 -5.706554001E+01 
       553  9.521437565E-02  3.610521998E-02 -1.006669262E-02 -1.137873116E+02 
       554  1.001320029E-01  2.153847682E-02 -9.901136499E-03 -1.294950556E+02 
       555  7.009680527E-02  4.151613976E-02 -9.890073374E-03 -7.832205705E+01 
       556  5.282054142E-02 -2.729849637E-02 -9.753847576E-03 -6.180047110E+01 
       557  4.365210961E-02 -3.355768507E-02 -9.724196095E-03 -7.619261772E+01 
       558  7.634264212E-02  4.168865917E-02 -9.622698933E-03 -8.843843498E+01 
       559  4.616753901E-02 -3.310932938E-02 -9.594252864E-03 -7.952222937E+01 
       560  9.263904631E-02  3.968534172E-02 -9.264502309E-03 -1.093727873E+02 
       561  5.894083745E-03 -3.316506432E-02 -9.236904669E-03 -1.050691525E+02 
       562  1.129261598E-02 -3.323075491E-02 -9.059707406E-03 -1.020629355E+02 
       563  1.009869812E-01  2.648088959E-03 -8.865113237E-03 -7.791693604E+01 
       564  9.402208775E-02 -2.017218750E-02 -8.810000681E-03 -4.759752718E+01 
       565  9.670441243E-02 -1.449095976E-02 -8.684989864E-03 -4.334308257E+01 
       566  3.762502160E-02 -3.379192950E-02 -8.674951151E-03 -7.204698817E+01 
       567  3.441596595E-02 -3.387154778E-02 -8.275578599E-03 -7.198464944E+01 
       568  9.739739820E-02  2.944288786E-02 -8.113723205E-03 -1.251878448E+02 
       569  8.608589133E-02  4.279865586E-02 -7.905433613E-03 -9.823214401E+01 
       570  1.008459537E-01  1.431989375E-02 -7.902000680E-03 -1.308751257E+02 
       571  7.009920533E-02  4.288190558E-02 -7.815290257E-03 -7.881492327E+01 
       572  7.574662191E-02  4.296066005E-02 -7.729399703E-03 -8.626644819E+01 
       573  2.215506181E-02 -3.375183367E-02 -7.713159824E-03 -9.198627971E+01 
       574  2.621545328E-02 -3.379391760E-02 -7.661384681E-03 -8.434289560E+01 
       575  1.012810213E-01  1.005627585E-02 -7.540707007E-03 -1.232637627E+02 
       576  4.747083048E-02 -3.315542243E-02 -7.454756962E-03 -8.402479104E+01 
       577  5.190761868E-02 -2.873872405E-02 -7.429141352E-03 -6.875624069E+01 
       578  9.532253442E-02  3.336796413E-02 -7.417618161E-03 -1.198358871E+02 
       579  4.954246020E-02 -3.039891342E-02 -7.409592926E-03 -7.447182721E+01 
       580  9.534430127E-02 -1.867511843E-02 -7.397305691E-03 -4.958825702E+01 
       581  8.221694698E-02  4.315100312E-02 -7.267889961E-03 -9.556233333E+01 
       582  4.849282044E-02 -3.276743843E-02 -7.248098820E-03 -8.291518292E+01 
       583  5.462978035E-02 -3.171300731E-02 -7.092204608E-03 -7.662169435E+01 
       584  4.232186631E-02 -3.422340584E-02 -6.979986311E-03 -7.838230379E+01 
       585  6.899396791E-02  4.337069339E-02 -6.896084672E-03 -7.839365544E+01 
       586  4.914408778E-02 -3.143020490E-02 -6.749744164E-03 -7.952761394E+01 
       587  8.730040521E-02  4.351795436E-02 -6.629802643E-03 -9.997388169E+01 
       588  3.955004215E-02 -3.428142770E-02 -6.609016055E-03 -7.646610415E+01 
       589  5.009999871E-02 -2.788250645E-02 -6.534059497E-03 -6.889719857E+01 
       590  9.988245709E-02 -6.967128451E-03 -6.449241017E-03 -5.898542464E+01 
       591  7.296365984E-02  4.361077465E-02 -6.417026408E-03 -8.205886355E+01 
       592  5.281951977E-02 -3.078969404E-02 -6.261660086E-03 -7.577173893E+01 
       593  9.047740179E-02  3.953216431E-02 -6.017632784E-03 -1.091354496E+02 
       594  9.882083209E-02  2.275337054E-02 -5.653612951E-03 -1.361193186E+02 
       595  8.746352881E-02  4.225192200E-02 -5.435229057E-03 -1.047445649E+02 
       596  9.899701809E-02 -1.136783048E-02 -5.311045607E-03 -5.703566369E+01 
       597  8.104146857E-02  4.416131859E-02 -5.262679480E-03 -9.323573717E+01 
       598  9.730857673E-02  2.676306013E-02 -5.181044398E-03 -1.306081376E+02 
       599  7.803489747E-02  4.425264868E-02 -5.007164315E-03 -9.026727274E+01 
       600  3.308519865E-02 -3.447067859E-02 -4.853942663E-03 -8.244378303E+01 
       601  4.574269097E-02 -3.430426415E-02 -4.719121045E-03 -8.580922681E+01 
       602  4.434465549E-02 -3.449616072E-02 -4.572224436E-03 -8.264591397E+01 
       603  2.677900596E-03 -3.415634777E-02 -4.147595337E-03 -1.330278594E+02 
       604 -7.494541727E-19 -3.402170184E-02 -4.131751787E-03 -1.316361234E+02 
       605  1.412019564E-02 -3.425790516E-02 -4.033371899E-03 -1.252592446E+02 
       606  1.012584008E-01  1.152743879E-03 -4.032476597E-03 -1.059343579E+02 
       607  2.904113756E-02 -3.454795198E-02 -3.933508560E-03 -9.319713707E+01 
       608  9.323981293E-02  3.363973575E-02 -3.913264554E-03 -1.209139270E+02 
       609  1.931881793E-02 -3.430722396E-02 -3.811528503E-03 -1.169152756E+02 
       610  8.199510860E-02  4.481330627E-02 -3.804025012E-03 -9.906567098E+01 
       611  5.182336837E-02 -3.238393012E-02 -3.643672347E-03 -8.303378244E+01 
       612  4.936249101E-02 -3.169719334E-02 -3.555626424E-03 -8.376660530E+01 
       613  5.462978035E-02 -3.533140552E-02 -3.473806404E-03 -8.761626192E+01 
       614  9.071688752E-02  3.669752914E-02 -3.428073980E-03 -1.162496141E+02 
       615  9.402208775E-02 -2.567178544E-02 -3.310402744E-03 -6.652152628E+01 
       616  7.257172611E-02  4.498445860E-02 -3.204774287E-03 -8.691361028E+01 
       617  4.882424060E-02 -3.300979405E-02 -3.186051141E-03 -8.712565437E+01 
       618  4.352962787E-02 -3.467278837E-02 -3.071614132E-03 -8.227565928E+01 
       619  9.656180429E-02 -2.042729005E-02 -3.040518495E-03 -6.579443730E+01 
       620  3.855038854E-02 -3.473477313E-02 -2.981635372E-03 -8.242200331E+01 
       621  8.537424856E-02  4.166125708E-02 -2.964780362E-03 -1.043720319E+02 
       622  4.975652167E-02 -3.108514794E-02 -2.920783508E-03 -8.356046494E+01 
       623  7.648825047E-02  4.511720701E-02 -2.905998593E-03 -9.081095316E+01 
       624  9.973632355E-02  1.663788919E-02 -2.813808264E-03 -1.463632079E+02 
       625  1.010159501E-01 -3.485594158E-03 -2.801005494E-03 -9.414033513E+01 
       626  8.206048843E-02  4.366707874E-02 -2.646138059E-03 -1.048959442E+02 
       627  4.780338491E-02 -3.351201748E-02 -2.619962602E-03 -8.836167239E+01 
       628  9.869694021E-02  2.006576493E-02 -2.535703260E-03 -1.419077470E+02 
       629  5.245785939E-02 -3.415979625E-02 -2.477874250E-03 -8.694333719E+01 
       630  3.589103714E-02 -3.479297976E-02 -2.154547659E-03 -8.848647198E+01 
       631  7.700889952E-02  4.541270131E-02 -2.107453933E-03 -1.042190634E+02 
       632  4.002267481E-02 -3.483905892E-02 -2.047681662E-03 -8.350831070E+01 
       633  9.559043765E-02  2.762295608E-02 -2.035393714E-03 -1.304262009E+02 
       634  9.537138850E-02 -2.413913942E-02 -1.957093871E-03 -7.762328521E+01 
       635  5.462978035E-02 -3.707532545E-02 -1.729886469E-03 -8.964890050E+01 
       636  9.331837123E-02  3.131572176E-02 -1.706238940E-03 -1.259705743E+02 
       637  7.426114380E-02  4.561211630E-02 -1.454786721E-03 -1.020845900E+02 
       638  5.203077383E-02 -3.477622574E-02 -1.435220388E-03 -8.828356302E+01 
       639  4.943176731E-02 -3.247712603E-02 -1.140554307E-03 -8.871753259E+01 
       640  8.046876807E-02  4.299075776E-02 -1.081262184E-03 -1.066598190E+02 
       641  7.689280176E-02  4.433366200E-02 -9.634178771E-04 -1.133972314E+02 
       642  2.822726885E-02 -3.476268892E-02 -9.160656267E-04 -1.104127035E+02 
       643  9.964565686E-02 -1.305881068E-02 -8.242217835E-04 -8.736769247E+01 
       644  1.007858754E-01  8.376449261E-03 -8.198675291E-04 -1.423612831E+02 
       645  8.842976278E-02  3.660722008E-02 -6.727620815E-04 -1.174928247E+02 
       646  8.559514462E-02  3.897051363E-02 -4.416890127E-04 -1.113649697E+02 
       647  4.442237503E-02 -3.477001172E-02 -7.580772128E-05 -8.594377558E+01 
       648  2.134425966E-02 -3.462537815E-02  9.334121862E-05 -1.320514646E+02 
       649  7.569786695E-02  4.364006647E-02  1.016911898E-04 -1.131543781E+02 
       650  4.736914972E-02 -3.392073174E-02  1.150721592E-04 -9.005703806E+01 
       651  9.865620836E-02 -1.767301948E-02  1.767380053E-04 -9.228522548E+01 
       652  7.426114380E-02  4.393053774E-02  2.267918327E-04 -1.112224177E+02 
       653  1.009565933E-01  5.422971457E-03  2.462374903E-04 -1.385176946E+02 
       654  5.462978035E-02 -3.916378467E-02  3.585727462E-04 -1.047261419E+02 
       655  5.356578532E-02 -3.852883032E-02  7.106462346E-04 -1.167067784E+02 
       656  4.589353359E-02 -3.451555359E-02  7.500759791E-04 -9.075993497E+01 
       657  4.952712090E-02 -3.446108956E-02  8.340749435E-04 -8.986507298E+01 
       658  2.513529069E-02 -3.461212138E-02  9.151974278E-04 -1.251840187E+02 
       659  4.851902447E-02 -3.334827948E-02  9.441916881E-04 -9.160976882E+01 
       660  1.096324559E-02 -3.444145351E-02  9.953014699E-04 -1.466716647E+02 
       661  5.865870800E-03 -3.443268565E-02  1.092062586E-03 -1.529841733E+02 
       662  9.974774749E-02  1.296179136E-02  1.126111625E-03 -1.521501190E+02 
       663  4.100037462E-02 -3.494078703E-02  1.162529444E-03 -8.744430524E+01 
       664  8.059767726E-02  4.062293259E-02  1.220417022E-03 -1.067478787E+02 
       665  8.366068894E-02  3.868725498E-02  1.320786924E-03 -1.110246727E+02 
       666  9.402208775E-02 -3.034040237E-02  1.358214187E-03 -9.030048684E+01 
       667  9.510143103E-02  2.506185569E-02  1.436968280E-03 -1.339574190E+02 
       668  3.492477724E-02 -3.475628315E-02  1.830200557E-03 -9.885672476E+01 
       669  9.643707276E-02  2.165135236E-02  1.861113484E-03 -1.400356959E+02 
       670  9.078833118E-02  3.125881088E-02  2.003042513E-03 -1.280945020E+02 
       671  5.462978035E-02 -4.096936303E-02  2.164151109E-03 -8.857701402E+01 
       672  7.932675766E-02  4.029861207E-02  2.182601107E-03 -1.073151399E+02 
       673  7.651635369E-02  4.134206445E-02  2.187144556E-03 -1.074143054E+02 
       674  9.640412100E-02 -2.621904302E-02  2.287259500E-03 -1.021055004E+02 
       675  1.012119872E-01 -4.992942603E-03  2.302859388E-03 -1.266951251E+02 
       676  8.853636912E-02  3.345080708E-02  2.402175721E-03 -1.239022581E+02 
       677  5.238377500E-02 -3.907074714E-02  2.406682688E-03 -1.389793285E+02 
       678  4.051265927E-02 -3.480732773E-02  2.475266047E-03 -9.424073806E+01 
       679  3.238718905E-02 -3.470125424E-02  2.585369510E-03 -1.093861983E+02 
       680  9.553122129E-02 -2.862702931E-02  2.820035086E-03 -1.077288987E+02 
       681  4.927418789E-02 -3.643389144E-02  3.145234073E-03 -1.143655026E+02 
       682  5.238259589E-02 -3.987157545E-02  3.261938683E-03 -9.671608375E+01 
       683  1.008126451E-01 -9.805627082E-03  3.262713289E-03 -1.225771237E+02 
       684  1.007754669E-01  4.265014013E-03  3.345175596E-03 -1.537375904E+02 
       685  3.749167138E-02 -3.466395343E-02  3.708708813E-03 -9.932933576E+01 
       686  4.530153381E-02 -3.448858701E-02  3.720474065E-03 -1.010346045E+02 
       687  7.426114380E-02  4.032361419E-02  3.833715382E-03 -1.087824379E+02 
       688  8.332995845E-02  3.631485873E-02  3.901506997E-03 -1.166926325E+02 
       689  5.414525598E-02 -3.902632509E-02  4.107189050E-03 -5.066276953E+01 
       690  9.851653922E-02  1.386192379E-02  4.347709314E-03 -1.481249341E+02 
       691  9.615742307E-02  1.983601459E-02  4.364463437E-03 -1.406231896E+02 
       692  4.836886901E-02 -3.652465480E-02  4.433416922E-03 -1.466576802E+02 
       693  8.623346315E-02  3.348201244E-02  4.477819364E-03 -1.237418452E+02 
       694  9.942965187E-02 -1.945250115E-02  4.478214458E-03 -1.267633795E+02 
       695  4.665304457E-02 -3.420339021E-02  4.578178814E-03 -1.065746653E+02 
       696  9.160226035E-02  2.739779960E-02  4.618497499E-03 -1.322119563E+02 
       697  7.892954240E-02  3.801747902E-02  4.643687883E-03 -1.102789384E+02 
       698  4.334844938E-02 -3.452999643E-02  4.782007587E-03 -1.049893092E+02 
       699  4.713796447E-02 -3.528119315E-02  4.820014607E-03 -1.421543959E+02 
       700  1.012899382E-01 -2.402130495E-03  4.932470960E-03 -1.539259922E+02 
       701  9.842746243E-02 -2.378870178E-02  5.019923071E-03 -1.306296653E+02 
       702  8.094327967E-02  3.630486212E-02  5.357114365E-03 -1.151547829E+02 
       703  9.402208775E-02 -3.437176104E-02  5.389572861E-03 -1.174208422E+02 
       704  7.663731103E-02  3.804601071E-02  5.455263487E-03 -1.099071733E+02 
       705  4.845696040E-02 -3.763665172E-02  5.496862414E-03 -1.040725431E+02 
       706  1.802666301E-02 -3.396210107E-02  5.896781784E-03 -1.417914788E+02 
       707  3.762934515E-02 -3.437338360E-02  6.190591237E-03 -1.006865684E+02 
       708 -7.494541727E-19 -3.371348632E-02  6.210854806E-03 -1.534359374E+02 
       709  2.809713409E-03 -3.386428712E-02  6.238897592E-03 -1.559397824E+02 
       710  1.458341387E-02 -3.395485875E-02  6.356316815E-03 -1.477278463E+02 
       711  9.074182466E-02  2.671860181E-02  6.375100773E-03 -1.351997401E+02 
       712  5.011577820E-02 -3.665253565E-02  6.480978491E-03 -2.112964234E+01 
       713  2.647052026E-02 -3.410921381E-02  6.501935676E-03 -1.286521638E+02 
       714  9.811124168E-02  1.247863366E-02  6.802900158E-03 -1.439842708E+02 
       715  9.601990558E-02 -3.153263083E-02  6.804559268E-03 -1.515269754E+02 
       716  4.301270392E-02 -3.420753574E-02  6.822254795E-03 -1.165736670E+02 
       717  9.563651498E-02 -3.246438903E-02  6.942197841E-03 -1.645025635E+02 
       718  3.048965655E-02 -3.410415139E-02  6.997053262E-03 -1.172860095E+02 
       719  8.550190783E-02  3.149854660E-02  7.006264465E-03 -1.288314726E+02 
       720  9.402208775E-02 -3.605785116E-02  7.075662977E-03 -9.821529628E+01 
       721  7.546242191E-02  3.662391151E-02  7.194340661E-03 -1.129360467E+02 
       722  1.010389808E-01 -1.157850919E-02  7.243633643E-03 -1.546050640E+02 
       723  7.426114380E-02  3.679734414E-02  7.359985435E-03 -1.125934875E+02 
       724  9.449618550E-02  2.039448156E-02  7.374694862E-03 -1.365467171E+02 
       725  1.005487039E-01 -1.733745616E-02  7.570453591E-03 -1.540342564E+02 
       726  8.014640819E-02  3.441596222E-02  7.627070668E-03 -1.196774816E+02 
       727  4.471934290E-02 -3.398229514E-02  7.754974873E-03 -1.723530775E+02 
       728  9.974507089E-02  6.239027905E-03  7.806573947E-03 -1.568814040E+02 
       729  5.031163519E-02 -3.531667585E-02  7.816838286E-03 -1.264860469E+01 
       730  4.518278066E-02 -3.507950973E-02  8.054004411E-03 -1.394598436E+02 
       731  4.128313370E-02 -3.397756126E-02  8.073545656E-03 -1.108656352E+02 
       732  5.315244641E-02 -3.504496219E-02  8.088551950E-03 -1.784325710E+01 
       733  9.146722081E-02  2.400330902E-02  8.186820615E-03 -1.370295200E+02 
       734  8.708301841E-02  2.887124477E-02  8.304956177E-03 -1.345466134E+02 
       735  9.888692534E-02  8.662360464E-03  8.552195732E-03 -1.474506245E+02 
       736  7.706873676E-02  3.476138679E-02  8.566813058E-03 -1.175350595E+02 
       737  4.930179155E-02 -3.441407218E-02  8.719441961E-03 -4.525583876E+00 
       738  8.181686116E-02  3.235145084E-02  8.785806913E-03 -1.263795077E+02 
       739  9.566468817E-02 -3.429766265E-02  8.835851485E-03 -1.272283952E+02 
       740  9.356352379E-02 -3.421891590E-02  8.914598240E-03 -7.975652927E+01 
       741  4.686015267E-02 -3.412244389E-02  9.011070243E-03 -2.100982491E+01 
       742  3.517580360E-02 -3.358423435E-02  9.117832385E-03 -9.898136224E+01 
       743  9.485612582E-02 -3.396372475E-02  9.169789392E-03 -8.267583929E+01 
       744  4.119996084E-02 -3.372494208E-02  9.255695926E-03 -1.123118812E+02 
       745  3.209121200E-02 -3.355577690E-02  9.316479086E-03 -1.072382075E+02 
       746  4.368977621E-02 -3.370656804E-02  9.426946094E-03 -1.107825638E+02 
       747  2.277131450E-02 -3.346549069E-02  9.515651419E-03 -1.344103660E+02 
       748  1.007689734E-01 -2.620233945E-03  9.583055174E-03 -1.617263173E+02 
       749  4.114126636E-02 -3.345201392E-02  1.007977464E-02 -9.864594597E+01 
       750  9.929347750E-02 -2.618213543E-02  1.044863873E-02 -2.015199059E+02 
       751  9.859737687E-02 -2.837864802E-02  1.048229664E-02 -2.108343048E+02 
       752  7.588094274E-02  3.301911680E-02  1.064277978E-02 -1.218028506E+02 
       753  9.409122692E-02  1.768048473E-02  1.069314399E-02 -1.345986245E+02 
       754  7.426114380E-02  3.326978583E-02  1.088754375E-02 -1.210489365E+02 
       755  1.009009138E-01 -1.868475129E-02  1.097924218E-02 -1.728278801E+02 
       756  4.368977621E-02 -3.206042466E-02  1.107308948E-02 -3.110820671E+01 
       757  1.196314792E-02 -3.274588479E-02  1.108060225E-02 -1.402436578E+02 
       758  5.867248910E-03 -3.266117359E-02  1.108804875E-02 -1.443098314E+02 
       759  1.012898414E-01 -9.712551712E-03  1.108839108E-02 -1.718628141E+02 
       760  9.516112164E-02  1.530657759E-02  1.112582290E-02 -1.345599781E+02 
       761  8.072125472E-02  3.057067505E-02  1.114250981E-02 -1.298832596E+02 
       762  4.493898744E-02 -3.197727297E-02  1.115624116E-02 -2.269317507E+01 
       763  8.546612192E-02  2.718532010E-02  1.135352758E-02 -1.380861744E+02 
       764  3.748945299E-02 -3.298553981E-02  1.145014857E-02 -8.913398984E+01 
       765  9.972275390E-02  2.169332127E-03  1.160647268E-02 -1.577961537E+02 
       766  4.368977621E-02 -3.254256967E-02  1.172153786E-02 -2.821130293E+01 
       767  4.368977621E-02 -3.284565001E-02  1.181470590E-02 -5.860940907E+01 
       768  4.274365612E-02 -3.284849757E-02  1.183184160E-02 -9.283306039E+01 
       769  5.070414606E-02 -3.125758893E-02  1.187592521E-02  2.530168720E+00 
       770  9.537365658E-02 -3.125395322E-02  1.187956092E-02 -6.584914473E+01 
       771  1.000830884E-01 -2.477771080E-02  1.194692993E-02 -2.171092160E+02 
       772  7.723305951E-02  3.125705648E-02  1.198502415E-02 -1.271653326E+02 
       773  1.008601235E-01 -5.598047993E-03  1.199954926E-02 -1.659911633E+02 
       774  5.216981428E-02 -3.110441059E-02  1.202910355E-02  4.283644511E+00 
       775  3.108283000E-02 -3.270703723E-02  1.210343745E-02 -1.019817529E+02 
       776  2.305170816E-02 -3.254051763E-02  1.229862728E-02 -1.193103083E+02 
       777  8.923160044E-02  2.271675640E-02  1.235949556E-02 -1.386420014E+02 
       778  8.201872472E-02  2.853227578E-02  1.247824095E-02 -1.359847737E+02 
       779  9.855266805E-02 -3.048020088E-02  1.265331326E-02 -1.214763748E+02 
       780  9.255227766E-02 -3.016361258E-02  1.296990156E-02 -5.680512394E+01 
       781  4.655094313E-02 -3.004972098E-02  1.308379316E-02 -3.131300100E+00 
       782  4.891679864E-02 -2.997708197E-02  1.315643216E-02  8.131253362E+00 
       783  8.677050396E-02  2.422126363E-02  1.326635856E-02 -1.403755857E+02 
       784  9.066028511E-02  1.943782841E-02  1.385684504E-02 -1.355979121E+02 
       785  2.664485565E-02 -3.188431941E-02  1.385979836E-02 -1.046073176E+02 
       786  3.757019867E-02 -3.197647517E-02  1.401631514E-02 -7.387319885E+01 
       787  7.596579360E-02  2.947604004E-02  1.415252223E-02 -1.304127486E+02 
       788  7.426114380E-02  2.974054445E-02  1.441678513E-02 -1.294144156E+02 
       789  1.013084913E-01 -1.696896642E-02  1.446748441E-02 -1.801651644E+02 
       790  9.638712878E-02  9.095065865E-03  1.452196117E-02 -1.375828607E+02 
       791  4.112920282E-02 -3.176341760E-02  1.455798301E-02 -6.959387125E+01 
       792  4.368977621E-02 -2.857538825E-02  1.455812588E-02  1.400460155E+00 
       793  9.468175838E-02  1.272020522E-02  1.460077981E-02 -1.313731582E+02 
       794  4.481871491E-02 -2.851975303E-02  1.461376111E-02  4.773875838E+00 
       795  8.058364427E-02  2.691223082E-02  1.489167286E-02 -1.365480679E+02 
       796  9.857787075E-02  2.687092137E-03  1.514620464E-02 -1.486725663E+02 
       797  1.012535863E-01 -1.286987103E-02  1.517234212E-02 -1.783782148E+02 
       798  4.368977621E-02 -2.938299009E-02  1.528648160E-02 -5.793716822E+00 
       799  3.371913592E-02 -3.129214107E-02  1.536104214E-02 -8.089799283E+01 
       800  3.612448703E-02 -3.128320173E-02  1.540151646E-02 -6.682146006E+01 
       801  1.466677297E-02 -3.098536867E-02  1.542216552E-02 -1.120682312E+02 
       802  8.512827720E-02  2.341755515E-02  1.547799437E-02 -1.403961890E+02 
       803  7.719044980E-02  2.776687803E-02  1.549614122E-02 -1.336659296E+02 
       804  9.708715036E-02 -2.749771990E-02  1.563579423E-02 -2.966794062E+01 
       805  9.477354308E-02 -2.742039665E-02  1.571311748E-02 -4.223016466E+01 
       806  5.018632365E-02 -2.732516731E-02  1.580834683E-02  1.382247970E+01 
       807  1.896536240E-02 -3.077778399E-02  1.585865095E-02 -1.044216136E+02 
       808  4.368977621E-02 -2.961613000E-02  1.585888397E-02  1.648192173E+00 
       809  5.119721080E-02 -2.720407378E-02  1.592944035E-02  1.307920192E+01 
       810 -7.494541727E-19 -3.031212505E-02  1.600838403E-02 -1.118127278E+02 
       811  1.006263390E-01 -2.466589548E-02  1.602789879E-02 -2.451520255E+02 
       812  2.843739675E-03 -3.045555331E-02  1.608721877E-02 -1.149490801E+02 
       813  8.144551385E-02  2.528003283E-02  1.609216954E-02 -1.387472892E+02 
       814  8.989480954E-02  1.794114474E-02  1.627965020E-02 -1.343990116E+02 
       815  9.653597169E-02  6.925217041E-03  1.634676903E-02 -1.377527796E+02 
       816  4.368977621E-02 -3.076441950E-02  1.648255519E-02 -2.708110181E+01 
       817  4.228244611E-02 -3.079252241E-02  1.649109528E-02 -5.128429581E+01 
       818  4.622451332E-02 -2.652836293E-02  1.660515121E-02  1.626388464E+01 
       819  4.863160999E-02 -2.643532442E-02  1.669818972E-02  1.662696484E+01 
       820  9.994144219E-02 -4.432511689E-03  1.703911978E-02 -1.645806953E+02 
       821  9.150223265E-02 -2.595271597E-02  1.718079816E-02 -3.809942224E+01 
       822  1.005305494E-01 -2.585273583E-02  1.728077831E-02 -1.347156987E+02 
       823  9.263168396E-02 -2.579055830E-02  1.734295584E-02 -3.373357605E+01 
       824  9.962763178E-02 -2.574883495E-02  1.738467918E-02 -1.646680089E+01 
       825  9.203737505E-02  1.398009729E-02  1.744049338E-02 -1.303677379E+02 
       826  7.580983056E-02  2.598282219E-02  1.771158376E-02 -1.338729825E+02 
       827  8.527700821E-02  2.093799603E-02  1.786312945E-02 -1.381030941E+02 
       828  2.777197663E-02 -2.992752284E-02  1.787514876E-02 -7.973332084E+01 
       829  7.426114380E-02  2.621035199E-02  1.794697758E-02 -1.331280296E+02 
       830  9.865058244E-02 -4.269935723E-04  1.800332663E-02 -1.513258923E+02 
       831  4.368977621E-02 -2.508957934E-02  1.804393480E-02  2.494459116E+01 
       832  4.460550892E-02 -2.506354414E-02  1.806997000E-02  2.394102840E+01 
       833  1.012398646E-01 -1.977971002E-02  1.810106181E-02 -2.250248991E+02 
       834  3.159627771E-02 -2.970735100E-02  1.823698702E-02 -6.706705487E+01 
       835  8.693040216E-02  1.890762026E-02  1.845896101E-02 -1.360160401E+02 
       836  3.785976909E-02 -2.959191938E-02  1.853290917E-02 -4.264070875E+01 
       837  7.997412610E-02  2.363681508E-02  1.855906112E-02 -1.356920251E+02 
       838  4.071642015E-02 -2.957669233E-02  1.856503211E-02 -3.146084849E+01 
       839  7.715556770E-02  2.416496242E-02  1.912747986E-02 -1.336775325E+02 
       840  1.007845456E-01 -1.150930200E-02  1.912860130E-02 -1.731038572E+02 
       841  4.368977621E-02 -2.644771015E-02  1.926095144E-02  2.004404925E+01 
       842  4.368977621E-02 -2.651287336E-02  1.963859895E-02  2.536188688E+01 
       843  4.934297503E-02 -2.342207444E-02  1.971143969E-02  2.684731488E+01 
       844  9.499342384E-02  6.896283534E-03  1.975021131E-02 -1.335979184E+02 
       845  5.050167719E-02 -2.335392798E-02  1.977958616E-02  2.431886172E+01 
       846  9.437514715E-02 -2.331958015E-02  1.981393399E-02 -1.710157455E+01 
       847  8.153384603E-02  2.140658827E-02  1.992766633E-02 -1.353932454E+02 
       848  9.752456221E-02 -2.318620330E-02  1.994731084E-02 -7.093949219E+00 
       849  9.996633328E-02 -7.524656303E-03  2.003288675E-02 -1.649012598E+02 
       850  5.848095191E-03 -2.806326253E-02  2.006872509E-02 -7.594265376E+01 
       851  1.114047775E-02 -2.806588412E-02  2.018498031E-02 -7.515961606E+01 
       852  2.159142690E-02 -2.829114177E-02  2.025703895E-02 -6.643595310E+01 
       853  2.548064815E-02 -2.820023252E-02  2.032942462E-02 -5.867904131E+01 
       854  9.117158321E-02  1.224324601E-02  2.034243416E-02 -1.341233285E+02 
       855  3.311037140E-02 -2.815142099E-02  2.056071384E-02 -4.020776203E+01 
       856  3.611567678E-02 -2.815059604E-02  2.060475332E-02 -2.914910790E+01 
       857  4.698979587E-02 -2.239155500E-02  2.074195913E-02  3.412007121E+01 
       858  4.368977621E-02 -2.803867445E-02  2.077349350E-02  7.111636524E+00 
       859  4.224558411E-02 -2.806360758E-02  2.078956425E-02 -1.022974123E+01 
       860  1.011414499E-01 -1.920000908E-02  2.117867601E-02 -2.408843801E+02 
       861  7.584026093E-02  2.245260625E-02  2.123303709E-02 -1.316688361E+02 
       862  9.214176424E-02  9.951300751E-03  2.137682575E-02 -1.349763208E+02 
       863  8.595767117E-02  1.674066421E-02  2.143372019E-02 -1.331061732E+02 
       864  7.426114380E-02  2.268107970E-02  2.147624988E-02 -1.314522744E+02 
       865  9.042910393E-02 -2.164925040E-02  2.148426373E-02 -2.231902751E+01 
       866  4.654133855E-02 -2.160770439E-02  2.152580975E-02  4.430088161E+01 
       867  4.368977621E-02 -2.159739088E-02  2.153612325E-02  4.785293731E+01 
       868  9.207223516E-02 -2.145381059E-02  2.167970355E-02 -1.179086048E+01 
       869  8.078665040E-02  1.994732117E-02  2.176701471E-02 -1.319500180E+02 
       870  9.692043168E-02  3.383518641E-04  2.207945848E-02 -1.455594545E+02 
       871  1.007202771E-01 -1.461079281E-02  2.245447025E-02 -2.077020423E+02 
       872  4.700554272E-02 -2.063055207E-02  2.250296207E-02  5.410029099E+01 
       873  9.963539176E-02 -2.062163130E-02  2.251188284E-02  3.222798227E+00 
       874  1.010549940E-01 -2.057103641E-02  2.256247773E-02 -1.313057721E+02 
       875  3.152751856E-02 -2.650890764E-02  2.258072455E-02 -2.103933450E+01 
       876  9.529827146E-02  3.415401237E-03  2.263457166E-02 -1.387697191E+02 
       877  8.747909801E-02  1.416759426E-02  2.269117391E-02 -1.350792311E+02 
       878  7.725104978E-02  2.050612247E-02  2.273974853E-02 -1.301710523E+02 
       879  2.760287922E-02 -2.633315279E-02  2.278207127E-02 -2.654444938E+01 
       880  3.783216858E-02 -2.642880953E-02  2.280669562E-02 -2.929857377E+00 
       881  4.069383349E-02 -2.643689764E-02  2.280842575E-02  6.434826007E+00 
       882  8.226329363E-02  1.779387047E-02  2.309091449E-02 -1.317306711E+02 
       883  4.368977621E-02 -2.321008162E-02  2.311879041E-02  4.690566608E+01 
       884  5.068859831E-02 -1.955364135E-02  2.357987279E-02  5.619504285E+01 
       885  4.963380292E-02 -1.944409443E-02  2.368941971E-02  6.394866920E+01 
       886  1.874212457E-02 -2.504234868E-02  2.396565460E-02 -2.556757491E+01 
       887  1.440806274E-02 -2.486352370E-02  2.413926932E-02 -2.708665451E+01 
       888  9.342110115E-02 -1.888806754E-02  2.424544660E-02  4.101844902E+00 
       889  9.858313591E-02 -6.457958808E-03  2.426723254E-02 -1.563225745E+02 
       890 -7.494541727E-19 -2.422501985E-02  2.427891978E-02 -2.577121198E+01 
       891  2.806665073E-03 -2.433469681E-02  2.440245355E-02 -2.732774976E+01 
       892  4.368977621E-02 -2.471721231E-02  2.462468864E-02  3.815604645E+01 
       893  4.224803241E-02 -2.473973367E-02  2.464659180E-02  2.868015304E+01 
       894  7.608241764E-02  1.888057802E-02  2.471206919E-02 -1.290632408E+02 
       895  9.694719787E-02 -1.834401032E-02  2.478950382E-02  1.268867496E+01 
       896  4.469722303E-02 -1.815217059E-02  2.498134355E-02  7.195430407E+01 
       897  9.692976121E-02 -2.601007174E-03  2.499739888E-02 -1.498224316E+02 
       898  7.426114380E-02  1.915396193E-02  2.500336765E-02 -1.290421340E+02 
       899  4.368977621E-02 -1.812906200E-02  2.500445214E-02  7.663183225E+01 
       900  3.346457654E-02 -2.413143588E-02  2.509128895E-02  1.018295401E+01 
       901  3.600127117E-02 -2.413883132E-02  2.513672783E-02  1.622865082E+01 
       902  8.115848716E-02  1.615345728E-02  2.534573849E-02 -1.290901205E+02 
       903  8.623567092E-02  1.246624711E-02  2.551092453E-02 -1.401658492E+02 
       904  8.893730764E-02 -1.742048035E-02  2.571303379E-02 -3.281502858E+00 
       905  2.633716479E-02 -2.326454094E-02  2.577554561E-02  7.914935665E+00 
       906  9.043002731E-02  7.834336638E-03  2.584390615E-02 -1.421870476E+02 
       907  9.068831241E-02 -1.708338337E-02  2.605013076E-02  8.633125970E+00 
       908  4.100357623E-02 -2.308961617E-02  2.620849907E-02  4.465849539E+01 
       909  7.739093355E-02  1.689538061E-02  2.628366535E-02 -1.282474498E+02 
       910  4.368977621E-02 -1.935834368E-02  2.637567414E-02  8.074455344E+01 
       911  4.368977621E-02 -1.972784990E-02  2.643739701E-02  6.872999985E+01 
       912  4.886643774E-02 -1.666549106E-02  2.646802308E-02  8.364638487E+01 
       913  9.984758109E-02 -1.364680832E-02  2.647478432E-02 -2.139517191E+02 
       914  3.759519471E-02 -2.272178651E-02  2.649196965E-02  4.014478445E+01 
       915  9.235864272E-02  4.210776461E-03  2.658813351E-02 -1.433289132E+02 
       916  4.637123947E-02 -1.641195500E-02  2.672155914E-02  8.665140849E+01 
       917  2.248119086E-02 -2.213671143E-02  2.685676870E-02  1.491489673E+01 
       918  8.254022363E-02  1.374761386E-02  2.694877452E-02 -1.351652290E+02 
       919  5.473691845E-03 -2.139308557E-02  2.714399673E-02  1.760948339E+01 
       920  5.222627174E-02 -1.586666390E-02  2.726685024E-02  9.739054484E+01 
       921  8.782186296E-02  9.150451778E-03  2.732444092E-02 -1.464880798E+02 
       922  3.071167613E-02 -2.153142317E-02  2.738922098E-02  2.838651322E+01 
       923  9.854842724E-02 -9.520991989E-03  2.740046186E-02 -1.844936320E+02 
       924  1.161496419E-02 -2.119827432E-02  2.744746726E-02  1.737208841E+01 
       925  9.815383892E-02 -1.551471525E-02  2.761879888E-02  1.975172320E+01 
       926  5.097845356E-02 -1.548387636E-02  2.764963778E-02  1.012378965E+02 
       927  4.368977621E-02 -2.087765665E-02  2.796205173E-02  6.973462424E+01 
       928  9.976230519E-02 -1.516806277E-02  2.796545137E-02 -1.073484573E+02 
       929  4.267410363E-02 -2.088724860E-02  2.797821089E-02  6.561353150E+01 
       930  3.103760596E-02 -2.054826755E-02  2.816407436E-02  5.605393952E+01 
       931  7.618912622E-02  1.533319554E-02  2.821707676E-02 -1.306240165E+02 
       932  4.516551331E-02 -1.469626545E-02  2.843705924E-02  9.960259225E+01 
       933  4.368977621E-02 -1.465066367E-02  2.848257267E-02  1.030780470E+02 
       934  9.143708331E-02 -1.463620647E-02  2.849730767E-02  2.300571505E+01 
       935  7.426114380E-02  1.555416608E-02  2.860316350E-02 -1.312428427E+02 
       936  3.699858160E-02 -1.978089160E-02  2.867277000E-02  6.348376169E+01 
       937  9.483103942E-02 -1.891814211E-03  2.869462362E-02 -1.501058742E+02 
       938  9.210600192E-02  2.231002340E-03  2.897315388E-02 -1.502434188E+02 
       939  2.194408437E-02 -1.911736320E-02  2.904385046E-02  5.307493489E+01 
       940  8.128002357E-02  1.235765804E-02  2.905594975E-02 -1.370315765E+02 
       941  3.601311388E-02 -1.918157726E-02  2.907598955E-02  6.966000358E+01 
       942  4.368977621E-02 -1.538447582E-02  2.931508708E-02  1.072528650E+02 
       943  4.084638572E-02 -1.894927584E-02  2.932944518E-02  7.987705326E+01 
       944  1.327454598E-02 -1.851254456E-02  2.944486875E-02  5.509616638E+01 
       945  8.628439508E-02 -1.367362767E-02  2.945988647E-02  2.365371111E+01 
       946  4.368977621E-02 -1.596301057E-02  2.954596608E-02  9.611925372E+01 
       947  9.481328580E-02 -1.352713574E-02  2.960637840E-02  2.773452861E+01 
       948  8.628203225E-02  7.973166686E-03  2.982531137E-02 -1.530954650E+02 
       949  7.738335265E-02  1.330980708E-02  2.987291050E-02 -1.330990905E+02 
       950  2.927444896E-02 -1.758637717E-02  3.000099605E-02  7.532894345E+01 
       951  5.026019331E-02 -1.312996071E-02  3.000355343E-02  1.147737200E+02 
       952 -7.494541727E-19 -1.646272433E-02  3.016770329E-02  5.371992202E+01 
       953  1.790320514E-02 -1.716356588E-02  3.017897534E-02  6.561455236E+01 
       954  8.786772150E-02 -1.289917671E-02  3.023433743E-02  3.212705697E+01 
       955  7.426114380E-02  1.387322063E-02  3.028410894E-02 -1.170312618E+02 
       956  4.686859031E-02 -1.280229263E-02  3.033104341E-02  1.107109904E+02 
       957  2.708367606E-03 -1.649086244E-02  3.033712345E-02  5.477143921E+01 
       958  7.235974382E-02  1.385263824E-02  3.048308070E-02 -9.151328253E+01 
       959  2.564012381E-02 -1.656611950E-02  3.054940092E-02  7.710088695E+01 
       960  5.524651829E-02 -1.254132256E-02  3.059219158E-02  1.317064472E+02 
       961  5.105686315E-02 -1.254076148E-02  3.059275265E-02  1.252414717E+02 
       962  4.368977621E-02 -1.659520513E-02  3.070695976E-02  9.823369103E+01 
       963  4.176927463E-02 -1.659366683E-02  3.071501197E-02  9.606019065E+01 
       964  7.010000199E-02  1.382817685E-02  3.071955108E-02 -8.261326634E+01 
       965  3.578804350E-02 -1.637071506E-02  3.077722310E-02  9.197694361E+01 
       966  8.230817647E-02  1.000579670E-02  3.085043222E-02 -1.482490379E+02 
       967  7.672133064E-02  1.252912597E-02  3.086696362E-02 -1.230895083E+02 
       968  4.099403931E-02 -1.558919210E-02  3.123989590E-02  1.054085302E+02 
       969  9.681306067E-02 -8.611479136E-03  3.124895364E-02 -2.011665060E+02 
       970  3.243897786E-02 -1.482781652E-02  3.155220797E-02  9.473477746E+01 
       971  3.799771549E-02 -1.481512624E-02  3.155872850E-02  1.035082739E+02 
       972  8.981103617E-02  2.466155095E-03  3.175613795E-02 -1.636098424E+02 
       973  9.466091224E-02 -4.722477446E-03  3.185304296E-02 -1.874289763E+02 
       974  7.600830453E-02  1.168679972E-02  3.193414430E-02 -1.129845409E+02 
       975  4.561322954E-02 -1.119246835E-02  3.193839975E-02  1.170054893E+02 
       976  4.368977621E-02 -1.116032725E-02  3.196857197E-02  1.166965662E+02 
       977  8.687489502E-02  5.273881685E-03  3.202234302E-02 -1.644562341E+02 
       978  5.249985867E-03 -1.331676939E-02  3.202334878E-02  7.856681836E+01 
       979  7.218057290E-02  1.232746513E-02  3.202506362E-02 -9.133269195E+01 
       980  8.796289193E-02 -1.104028944E-02  3.203750063E-02  4.829525959E+01 
       981  9.720843604E-03 -1.330721283E-02  3.211958165E-02  7.853928164E+01 
       982  9.511864775E-02 -1.084369764E-02  3.217727129E-02  3.299458086E+01 
       983  2.546626960E-02 -1.307452649E-02  3.231727066E-02  9.717016148E+01 
       984  7.280730568E-02  1.189380563E-02  3.238901935E-02 -1.019428643E+02 
       985  7.010000199E-02  1.215692412E-02  3.239080381E-02 -9.101997012E+01 
       986  8.215379615E-02 -1.061816911E-02  3.249307908E-02  6.270616406E+01 
       987  3.214591087E-02 -1.257377233E-02  3.251354164E-02  1.061339802E+02 
       988  8.090083321E-02  8.952353088E-03  3.270610362E-02 -1.488645989E+02 
       989  4.368977621E-02 -1.190650735E-02  3.280581601E-02  1.167742350E+02 
       990  3.750086333E-02 -1.185593364E-02  3.281035585E-02  1.128997295E+02 
       991  9.670968054E-02 -1.014991121E-02  3.281125045E-02 -9.419831115E+01 
       992  4.264252404E-02 -1.188628240E-02  3.283346166E-02  1.148880588E+02 
       993  4.622575983E-02 -1.020210123E-02  3.292713895E-02  1.204475022E+02 
       994  7.725465590E-02  1.000924127E-02  3.322463274E-02 -1.327114408E+02 
       995  3.568220007E-02 -1.064823185E-02  3.324374278E-02  1.126749012E+02 
       996  2.915520731E-02 -1.066370515E-02  3.324425233E-02  1.056078030E+02 
       997  5.968134659E-02 -9.834819829E-03  3.325130850E-02  1.440466861E+02 
       998  4.112665224E-02 -1.051108354E-02  3.333386224E-02  1.177311182E+02 
       999  1.849028557E-02 -1.129772005E-02  3.337897210E-02  8.951952776E+01 
      1000  7.010000199E-02  1.354549761E-02  3.345218828E-02 -9.643131768E+01 
      1001  5.503830664E-02 -9.404559901E-03  3.357241192E-02  1.384503537E+02 
      1002  5.089757279E-02 -9.371522020E-03  3.360322906E-02  1.289011620E+02 
      1003  4.368977621E-02 -9.415083073E-03  3.370988316E-02  1.202868579E+02 
      1004  8.357384702E-02 -9.254981304E-03  3.377098498E-02  6.737444152E+01 
      1005  9.118084391E-02 -9.139637610E-03  3.378939406E-02  4.410261480E+01 
      1006  2.061670548E-02 -1.021047108E-02  3.379749087E-02  9.720211764E+01 
      1007  1.306542170E-02 -9.587166008E-03  3.403721564E-02  9.147500649E+01 
      1008  4.706329312E-02 -8.736826423E-03  3.416735615E-02  1.212195100E+02 
      1009  5.860648046E-02 -8.565387875E-03  3.427695941E-02  1.407405456E+02 
      1010  2.917938892E-02 -8.539898871E-03  3.439605390E-02  1.084534847E+02 
      1011  4.961174368E-02 -8.416524202E-03  3.442340774E-02  1.237254841E+02 
      1012  7.693176983E-02 -8.530869681E-03  3.448428170E-02  9.826833699E+01 
      1013  5.661284075E-02 -8.277151992E-03  3.451245535E-02  1.367963697E+02 
      1014  8.338096083E-02 -8.245814628E-03  3.462951193E-02  8.133493690E+01 
      1015  2.136855318E-02 -8.183198748E-03  3.464516081E-02  1.025550327E+02 
      1016  8.146013540E-02  6.646491571E-03  3.472199989E-02 -1.668489230E+02 
      1017  2.791192330E-03 -8.313173936E-03  3.473288490E-02  8.665502709E+01 
      1018 -7.494541727E-19 -8.366822749E-03  3.486390152E-02  8.371587395E+01 
      1019  6.514443785E-02 -8.093898947E-03  3.487402314E-02  1.354901994E+02 
      1020  3.568220007E-02 -7.890393813E-03  3.489687816E-02  1.131818828E+02 
      1021  9.241851053E-02 -4.151655131E-03  3.492419471E-02 -2.255689852E+02 
      1022  4.112665224E-02 -7.830123975E-03  3.497189349E-02  1.168474635E+02 
      1023  8.397869239E-02  4.675306158E-03  3.497897717E-02 -1.783723339E+02 
      1024  8.960092906E-02 -6.087720400E-04  3.503851506E-02 -2.196681331E+02 
      1025  7.108276180E-02 -7.630327210E-03  3.528889429E-02  1.193491143E+02 
      1026  4.261080137E-02 -7.354515330E-03  3.535059286E-02  1.181665896E+02 
      1027  7.191709909E-02  8.977597741E-03  3.537878622E-02 -1.235726708E+02 
      1028  2.630443068E-02 -7.004847838E-03  3.555887228E-02  1.049150181E+02 
      1029  7.010000199E-02  8.967839169E-03  3.557988876E-02 -1.287171080E+02 
      1030  6.475957415E-02 -7.021825946E-03  3.562615468E-02  1.306522829E+02 
      1031  7.606003613E-02  7.951129869E-03  3.568061212E-02 -1.436105559E+02 
      1032  7.768179327E-02 -6.837908451E-03  3.570607021E-02  9.954755471E+01 
      1033  9.080999300E-02 -6.670795694E-03  3.577171848E-02  4.506674897E+01 
      1034  4.439664569E-02 -6.796121891E-03  3.582372567E-02  1.181541529E+02 
      1035  3.208779277E-02 -6.637154151E-03  3.588210068E-02  1.088337148E+02 
      1036  3.832985324E-02 -6.584385457E-03  3.593729168E-02  1.126855996E+02 
      1037  8.010113683E-02 -6.349600796E-03  3.605382686E-02  8.901536805E+01 
      1038  7.303912174E-02  7.993542276E-03  3.623110452E-02 -1.489744684E+02 
      1039  1.178298113E-02 -5.700595835E-03  3.633615767E-02  9.086109755E+01 
      1040  6.178670039E-02 -5.984586343E-03  3.638059093E-02  1.318738344E+02 
      1041  5.069359218E-03 -5.551380128E-03  3.643078364E-02  8.668874491E+01 
      1042  7.116624280E-02 -5.773991475E-03  3.647935792E-02  1.126969702E+02 
      1043  9.219466167E-02 -5.604141547E-03  3.654134201E-02 -1.054629395E+02 
      1044  7.010000199E-02  1.032420027E-02  3.658355618E-02 -1.242535719E+02 
      1045  8.708845158E-02 -5.563288938E-03  3.660898449E-02  5.660047238E+01 
      1046  7.813551058E-02  5.932072815E-03  3.690869251E-02 -1.699412941E+02 
      1047  8.394293330E-02  2.527344601E-03  3.708585787E-02 -2.508103183E+02 
      1048  5.462766796E-02 -4.763885702E-03  3.709053800E-02  1.180303365E+02 
      1049  2.016692887E-02 -4.561326614E-03  3.715753643E-02  9.659365921E+01 
      1050  5.144037341E-02 -4.640525343E-03  3.718887331E-02  1.145983897E+02 
      1051  7.435619407E-02 -4.577982326E-03  3.730375890E-02  1.007049429E+02 
      1052  6.823133958E-02 -4.402903137E-03  3.740835105E-02  1.144700987E+02 
      1053  2.580510996E-02 -4.003836847E-03  3.763928208E-02  9.926013127E+01 
      1054  1.343532760E-02 -3.547646101E-03  3.764949208E-02  8.542737315E+01 
      1055  8.679461669E-02 -4.534403088E-04  3.769803797E-02 -2.700644662E+02 
      1056  4.500148335E-02 -3.787982800E-03  3.775418231E-02  1.053018057E+02 
      1057  6.094895868E-02 -3.545377688E-03  3.787715648E-02  1.083730836E+02 
      1058  3.180652945E-02 -3.530832802E-03  3.789251779E-02  9.941655206E+01 
      1059  1.835595545E-02 -2.903736269E-03  3.796695137E-02  8.678908082E+01 
      1060  3.839091913E-02 -3.387782708E-03  3.797000451E-02  1.011610554E+02 
      1061  6.771322511E-02 -2.845556253E-03  3.832220662E-02  8.953946041E+01 
      1062  7.794905270E-02  4.549027128E-03  3.833442495E-02 -2.423286195E+02 
      1063  4.922749562E-02 -2.623257777E-03  3.842363245E-02  9.861556218E+01 
      1064  8.144265243E-02 -2.551879891E-03  3.848625853E-02  5.916394263E+01 
      1065  8.583942289E-02 -2.475258412E-03  3.850726377E-02  4.952000333E+01 
      1066  5.732527483E-02 -2.427050410E-03  3.851700071E-02  9.927033067E+01 
      1067  2.713910590E-02 -2.385412441E-03  3.855583640E-02  9.216182387E+01 
      1068  7.010000199E-02  1.072258623E-02  3.878336006E-02 -1.441487817E+02 
      1069  4.179208172E-02 -1.673080010E-03  3.890410285E-02  9.330378792E+01 
      1070  3.435642429E-02 -1.594193268E-03  3.893759335E-02  9.146529243E+01 
      1071  6.358588526E-02 -1.530356129E-03  3.895088788E-02  8.624389682E+01 
      1072  8.654106233E-02 -1.624383260E-03  3.896743365E-02 -1.410019057E+02 
      1073  7.212286346E-02  5.324244628E-03  3.898926383E-02 -2.297800131E+02 
      1074 -7.494541727E-19 -4.320754343E-04  3.904299815E-02  7.398492850E+01 
      1075  3.041092029E-03 -4.810053318E-04  3.918325068E-02  7.667801776E+01 
      1076  7.516211580E-02 -9.937431205E-04  3.918822197E-02  6.208795317E+01 
      1077  7.010000199E-02  1.294819461E-02  3.922627231E-02 -1.060759473E+02 
      1078  7.010000199E-02  5.283632221E-03  3.926409571E-02 -2.416854562E+02 
      1079  7.940382509E-02 -3.419551407E-04  3.951530718E-02  4.683412692E+01 
      1080  8.030165090E-02  2.132842437E-03  3.958250555E-02 -2.821764698E+02 
      1081  7.010000199E-02  5.998661198E-03  3.966368040E-02 -2.203092608E+02 
      1082  6.977557890E-02  2.837475173E-04  3.971938757E-02  4.907302735E+01 
      1083  7.312494775E-02  8.398497963E-04  3.996628001E-02  3.907419060E+01 
      1084  4.990618179E-02  1.282483964E-03  4.005671444E-02  7.649005958E+01 
      1085  7.356210692E-02  3.939329490E-03  4.006783724E-02 -2.731006923E+02 
      1086  4.818157664E-03  1.715834007E-03  4.009500133E-02  6.770270500E+01 
      1087  2.608486173E-02  1.278652791E-03  4.009544486E-02  7.714866785E+01 
      1088  5.651942885E-02  1.518256626E-03  4.012951449E-02  7.032548478E+01 
      1089  1.094768401E-02  1.946535959E-03  4.016572206E-02  7.294488302E+01 
      1090  2.062616656E-02  1.761050621E-03  4.021360043E-02  7.537357049E+01 
      1091  4.201721083E-02  1.832766701E-03  4.028119895E-02  7.445729101E+01 
      1092  8.022423777E-02  1.361802013E-03  4.029928565E-02 -1.483151317E+02 
      1093  3.418767374E-02  1.835344012E-03  4.030448181E-02  7.426759087E+01 
      1094  6.326510566E-02  1.975981978E-03  4.030562754E-02  5.158714083E+01 
      1095  6.818702076E-02  1.828446427E-03  4.038510236E-02  1.757234985E+01 
      1096  5.419195229E-02  2.880828171E-03  4.054711068E-02  6.203924645E+01 
      1097  6.694076426E-02  3.105304398E-03  4.073702347E-02  1.124757885E+01 
      1098  6.113724260E-02  3.364031650E-03  4.074366494E-02  4.426319612E+01 
      1099  1.220317286E-02  3.809749432E-03  4.074984421E-02  6.504938745E+01 
      1100  7.362622222E-02  3.025393625E-03  4.088144604E-02 -1.530814906E+02 
      1101  4.617646937E-02  3.931944244E-03  4.090585797E-02  6.482903128E+01 
      1102  1.907986473E-02  4.357873814E-03  4.095167017E-02  6.486965340E+01 
      1103  7.010000199E-02  3.517878907E-03  4.102984902E-02 -1.434500585E+02 
      1104  2.874030978E-02  4.141991588E-03  4.105259766E-02  6.699796765E+01 
      1105  3.775153844E-02  4.411372170E-03  4.107171073E-02  6.579197818E+01 
      1106  7.010000199E-02  5.755486781E-03  4.127901872E-02 -1.587804571E+02 
      1107  6.776902056E-02  5.814715918E-03  4.131555628E-02 -1.177855495E+01 
      1108 -7.494541727E-19  7.828735362E-03  4.141329109E-02  6.617762852E+01 
      1109  7.010000199E-02  8.118139677E-03  4.154211285E-02 -1.115886742E+02 
      1110  3.004899786E-03  8.162532896E-03  4.154392766E-02  6.469881542E+01 
      1111  2.003736593E-02  8.035119838E-03  4.162021297E-02  6.536242671E+01 
      1112  1.116350084E-02  8.658734153E-03  4.162557315E-02  6.448414926E+01 
      1113  2.844976220E-02  7.496226043E-03  4.164381118E-02  6.477137895E+01 
      1114  4.634929876E-02  8.021419255E-03  4.166137620E-02  6.574593882E+01 
      1115  5.424521920E-02  8.278816128E-03  4.166553839E-02  5.984902949E+01 
      1116  6.149599721E-02  8.503306162E-03  4.167247916E-02  3.922064862E+01 
      1117  6.592679767E-02  9.238957734E-03  4.168474207E-02  1.467406237E+01 
      1118  3.774230670E-02  7.908459428E-03  4.169057004E-02  6.598308626E+01 
      1119  7.010000199E-02  1.019651923E-02  4.177355161E-02 -7.483652905E+01 
      1120  6.670171792E-02  1.038724726E-02  4.179479020E-02  2.441066440E+01 
      1121  4.741978976E-03  1.013501574E-02  4.179999728E-02  6.691997070E+01 
      1122  5.952004577E-02  9.967839319E-03  4.182084135E-02  5.847868301E+01 
      1123  5.140398276E-02  1.042458335E-02  4.184857567E-02  7.059933311E+01 
      1124  2.370041748E-02  1.039446289E-02  4.185973289E-02  6.897409522E+01 
      1125  4.244631236E-02  1.091538248E-02  4.191187390E-02  7.154197410E+01 
      1126  3.312707042E-02  1.094682844E-02  4.192350342E-02  6.925424259E+01 
      1127 -7.494541727E-19  1.265635485E-02  4.204746756E-02  7.140300882E+01 
      1128  4.743034359E-03  1.265635485E-02  4.204746756E-02  7.036124398E+01 
      1129  1.422418867E-02  1.265635485E-02  4.204746756E-02  7.077120561E+01 
      1130  2.369977041E-02  1.265635485E-02  4.204746756E-02  7.475475216E+01 
      1131  3.313518352E-02  1.265635485E-02  4.204746756E-02  7.823135607E+01 
      1132  4.247206170E-02  1.265635485E-02  4.204746756E-02  8.225454144E+01 
      1133  5.147832588E-02  1.265635485E-02  4.204746756E-02  8.385600670E+01 
      1134  5.968930116E-02  1.265635485E-02  4.204746756E-02  7.520809416E+01 
      1135  6.694821902E-02  1.265635485E-02  4.204746756E-02  5.075337875E+01 
      1136  7.010000199E-02  1.265635485E-02  4.204746756E-02 -1.913837154E+01 
