nodenumber     x-coordinate     y-coordinate     z-coordinate         pressure 
         1 -5.889564008E-02 -1.422333121E-02 -5.879580461E-02 -6.864150707E+01 
         2 -6.211064178E-02 -1.307096703E-02 -5.764344043E-02 -8.407877425E+01 
         3 -5.824805667E-02 -1.162638974E-02 -5.619886314E-02 -7.737537520E+01 
         4 -6.117672193E-02 -1.142979978E-02 -5.600227318E-02 -9.474505457E+01 
         5 -5.887090811E-02 -1.682716155E-02 -5.599360931E-02 -4.875420842E+01 
         6 -6.885929882E-02 -1.065202171E-02 -5.522449511E-02 -6.358347322E+01 
         7 -5.828882181E-02 -1.373423894E-02 -5.441797200E-02 -4.822483826E+01 
         8 -5.848679651E-02 -1.538357279E-02 -5.435647277E-02 -4.832923149E+01 
         9 -6.242621234E-02 -9.360171313E-03 -5.393264471E-02 -7.526400878E+01 
        10 -6.774256804E-02 -8.868553060E-03 -5.344102646E-02 -6.350712954E+01 
        11 -7.530381783E-02 -8.342090465E-03 -5.291456387E-02 -6.035013199E+01 
        12 -5.711645423E-02 -7.088439365E-03 -5.166091276E-02 -6.560819376E+01 
        13 -7.425871120E-02 -6.789899621E-03 -5.136237302E-02 -6.051353668E+01 
        14 -6.022729738E-02 -6.720945482E-03 -5.129341888E-02 -7.917211687E+01 
        15 -6.946026380E-02 -6.714368648E-03 -5.128684205E-02 -6.160280240E+01 
        16 -8.144627646E-02 -6.140428789E-03 -5.071290219E-02 -6.132365735E+01 
        17 -5.712138250E-02 -8.589818162E-03 -5.019905128E-02 -4.719543324E+01 
        18 -5.728714532E-02 -1.008161825E-02 -5.003673645E-02 -4.743671382E+01 
        19 -5.881757569E-02 -2.244202871E-02 -4.995099168E-02 -4.664044305E+01 
        20 -6.077508499E-02 -5.291960765E-03 -4.986443416E-02 -7.094510724E+01 
        21 -6.857681434E-02 -5.256105287E-03 -4.982857869E-02 -6.276027910E+01 
        22 -8.067139755E-02 -5.090569408E-03 -4.966304281E-02 -6.182413708E+01 
        23 -7.641769922E-02 -4.711619366E-03 -4.928409277E-02 -6.136162212E+01 
        24 -5.816345970E-02 -1.811649068E-02 -4.903026410E-02 -4.728889790E+01 
        25 -5.852309193E-02 -2.131626498E-02 -4.871488096E-02 -4.602244409E+01 
        26 -6.382648379E-02 -4.011302526E-03 -4.858377593E-02 -6.373217306E+01 
        27 -8.743936751E-02 -3.992304414E-03 -4.856477781E-02 -6.083682938E+01 
        28 -8.672656514E-02 -3.150798828E-03 -4.772327223E-02 -6.106467854E+01 
        29 -5.606357106E-02 -2.866165714E-03 -4.743863911E-02 -6.038544435E+01 
        30 -8.281360403E-02 -2.829559609E-03 -4.740203301E-02 -6.224160890E+01 
        31 -5.785781583E-02 -2.614211612E-03 -4.718668501E-02 -7.037538355E+01 
        32 -7.542961470E-02 -2.374328446E-03 -4.694680185E-02 -6.323455397E+01 
        33 -7.010701882E-02 -2.364265005E-03 -4.693673840E-02 -6.271487697E+01 
        34 -5.714742235E-02 -1.249788431E-02 -4.649984237E-02 -4.770271646E+01 
        35 -9.344936501E-02 -1.838118996E-03 -4.641059240E-02 -5.885342950E+01 
        36 -5.605674044E-02 -3.844811380E-03 -4.640520760E-02 -4.778517804E+01 
        37 -6.409838203E-02 -1.700000643E-03 -4.627247404E-02 -6.299067264E+01 
        38 -5.743980937E-02 -1.520393048E-02 -4.613886192E-02 -4.737149092E+01 
        39 -7.300576309E-02 -1.546148911E-03 -4.611862231E-02 -6.327010887E+01 
        40 -5.618443143E-02 -5.249317529E-03 -4.602483027E-02 -4.706603886E+01 
        41 -8.169369238E-02 -9.609431916E-04 -4.553341659E-02 -6.291723088E+01 
        42 -9.254682343E-02 -9.476933870E-04 -4.552016679E-02 -5.996521441E+01 
        43 -5.875440186E-02 -8.888893180E-04 -4.546136272E-02 -6.398982704E+01 
        44 -8.853003455E-02 -8.834177534E-04 -4.545589115E-02 -6.008419993E+01 
        45 -9.618019313E-02 -8.592978500E-04 -4.543177125E-02 -5.676110585E+01 
        46 -6.733604100E-02 -6.038141486E-04 -4.517628755E-02 -6.292207624E+01 
        47 -7.853213179E-02 -4.066239128E-04 -4.497909731E-02 -6.375020412E+01 
        48 -6.177276044E-02 -1.661471186E-04 -4.473862052E-02 -6.170543560E+01 
        49 -7.274986608E-02  1.820592748E-04 -4.439041412E-02 -6.453536130E+01 
        50 -6.736788679E-02  1.850201903E-04 -4.438745321E-02 -6.329429860E+01 
        51 -5.876334738E-02 -2.815116855E-02 -4.380692065E-02 -4.574009946E+01 
        52 -7.806714963E-02  8.411139704E-04 -4.373135943E-02 -6.446886748E+01 
        53 -6.205084833E-02  8.427761364E-04 -4.372969726E-02 -6.026381978E+01 
        54 -8.717636315E-02  8.875089558E-04 -4.368496444E-02 -6.069491784E+01 
        55 -5.510855285E-02  9.636555320E-04 -4.360881787E-02 -5.495714212E+01 
        56 -8.378098641E-02  1.117318508E-03 -4.345515489E-02 -6.205402991E+01 
        57 -9.403702157E-02  1.193166543E-03 -4.337930686E-02 -6.376989249E+01 
        58 -5.651112756E-02  1.210070555E-03 -4.336240284E-02 -6.052010170E+01 
        59 -5.805232168E-02 -2.304818417E-02 -4.320720089E-02 -4.605503635E+01 
        60 -5.604023852E-02 -6.920704338E-03 -4.319695521E-02 -4.684963929E+01 
        61 -9.615918831E-02 -3.070802553E-03 -4.305179278E-02 -5.616598397E+01 
        62 -9.558582784E-02  1.524236659E-03 -4.304823674E-02 -6.142625626E+01 
        63 -5.628217792E-02 -9.390814082E-03 -4.266730086E-02 -4.721445081E+01 
        64 -5.844558567E-02 -2.688526396E-02 -4.252425169E-02 -4.595725109E+01 
        65 -5.511152067E-02 -1.959466443E-04 -4.247301759E-02 -4.736428776E+01 
        66 -5.696578568E-02  2.132962350E-03 -4.243951105E-02 -5.603473717E+01 
        67 -8.318174372E-02  2.139818240E-03 -4.243265516E-02 -6.239904772E+01 
        68 -5.711755120E-02 -1.687591640E-02 -4.188223496E-02 -4.774637680E+01 
        69 -5.462978035E-02  2.883630740E-03 -4.168884266E-02 -4.977367878E+01 
        70 -8.878321332E-02  3.066126735E-03 -4.150634666E-02 -6.056575266E+01 
        71 -9.188549258E-02  3.186407981E-03 -4.138606542E-02 -6.519969718E+01 
        72 -5.500789464E-02 -5.016300377E-04 -4.133621151E-02 -4.627246299E+01 
        73 -9.561919223E-02 -5.204917766E-04 -4.127111373E-02 -5.723758383E+01 
        74 -9.574049523E-02 -1.552938121E-03 -4.121156675E-02 -5.694934235E+01 
        75 -5.749640141E-02 -2.062207322E-02 -4.117461043E-02 -4.807045476E+01 
        76 -9.505819338E-02  3.640165994E-03 -4.093230741E-02 -6.555790130E+01 
        77 -8.795556427E-02  4.056164724E-03 -4.051630868E-02 -6.108982543E+01 
        78 -5.613479761E-02 -1.079855225E-02 -4.007751824E-02 -4.775073095E+01 
        79 -5.462978035E-02  1.188656010E-03 -3.999386793E-02 -4.568271462E+01 
        80 -5.522632010E-02 -3.796719898E-03 -3.979298606E-02 -4.608744777E+01 
        81 -5.656387662E-02 -1.471977406E-02 -3.959768355E-02 -4.856321994E+01 
        82 -9.329673759E-02  5.562623726E-03 -3.900984967E-02 -8.369243291E+01 
        83 -9.454382635E-02  5.702873606E-03 -3.886959979E-02 -7.632961636E+01 
        84 -9.219736888E-02  6.536847742E-03 -3.803562566E-02 -8.020709441E+01 
        85 -5.504287093E-02 -4.327691290E-03 -3.779067852E-02 -4.612493473E+01 
        86 -5.568982773E-02 -9.634010009E-03 -3.767322345E-02 -4.784301987E+01 
        87 -5.870840555E-02 -3.393541728E-02 -3.758201809E-02 -4.558186755E+01 
        88 -9.610975729E-02 -8.274911996E-03 -3.745122804E-02 -5.838740328E+01 
        89 -9.554784201E-02 -3.946599181E-03 -3.727273810E-02 -5.806487810E+01 
        90 -5.793022970E-02 -2.828979467E-02 -3.698636053E-02 -4.777044588E+01 
        91 -9.454014057E-02  3.828512516E-03 -3.696567731E-02 -5.877213778E+01 
        92 -9.402208775E-02  7.795142609E-03 -3.677733079E-02 -7.472794464E+01 
        93 -5.516077933E-02 -6.403497861E-03 -3.666054776E-02 -4.680092712E+01 
        94 -5.627238085E-02 -1.550194340E-02 -3.647760007E-02 -4.959849066E+01 
        95 -5.462978035E-02 -2.574108312E-03 -3.623110361E-02 -4.554895136E+01 
        96 -5.695070730E-02 -2.134162791E-02 -3.607836566E-02 -4.991550422E+01 
        97 -5.830238277E-02 -3.227171890E-02 -3.598925139E-02 -4.686432770E+01 
        98 -9.402208775E-02  6.096627717E-03 -3.507881590E-02 -6.123901627E+01 
        99 -5.658004875E-02 -1.944482971E-02 -3.500233157E-02 -5.058096555E+01 
       100 -5.724041005E-02 -2.514212817E-02 -3.460139748E-02 -5.042569137E+01 
       101 -5.552889687E-02 -1.151178429E-02 -3.450472061E-02 -4.861914873E+01 
       102 -5.576598342E-02 -1.355586812E-02 -3.436216481E-02 -4.954588629E+01 
       103 -5.477554690E-02 -6.847656138E-03 -3.312666628E-02 -4.713184931E+01 
       104 -9.453501552E-02 -1.496487140E-04 -3.294642091E-02 -5.747408576E+01 
       105 -9.461317671E-02 -8.107608264E-04 -3.291219104E-02 -5.784624369E+01 
       106 -9.551105586E-02 -8.105816762E-03 -3.281848620E-02 -6.031897475E+01 
       107 -5.462978035E-02 -6.215000179E-03 -3.259021174E-02 -4.644990449E+01 
       108 -5.506721012E-02 -9.828862409E-03 -3.248472375E-02 -4.797180056E+01 
       109 -5.865282756E-02 -3.978670555E-02 -3.128496853E-02 -4.110951596E+01 
       110 -5.554221675E-02 -1.490285649E-02 -3.122047591E-02 -5.032477808E+01 
       111 -5.597675617E-02 -1.839922853E-02 -3.120928223E-02 -5.124826642E+01 
       112 -5.786449275E-02 -3.361950628E-02 -3.112941371E-02 -4.812910317E+01 
       113 -9.605391325E-02 -1.415417974E-02 -3.112406756E-02 -6.223728048E+01 
       114 -9.402208775E-02  2.085172416E-03 -3.106736060E-02 -5.872216943E+01 
       115 -5.680733317E-02 -2.536721480E-02 -3.090285997E-02 -5.305970381E+01 
       116 -5.834942034E-02 -3.852379528E-02 -3.011443426E-02 -4.481535502E+01 
       117 -9.465046170E-02 -3.986941891E-03 -3.003504657E-02 -5.859915033E+01 
       118 -9.572240740E-02 -1.287179538E-02 -2.974763223E-02 -6.255520971E+01 
       119 -5.482412151E-02 -1.061809291E-02 -2.974581808E-02 -4.845115406E+01 
       120 -5.748485139E-02 -3.218399249E-02 -2.952005236E-02 -5.339927378E+01 
       121 -5.512605477E-02 -1.346198604E-02 -2.932355599E-02 -4.963329633E+01 
       122 -5.587324801E-02 -1.978036412E-02 -2.899797280E-02 -5.251154743E+01 
       123 -5.462978035E-02 -9.814941572E-03 -2.899027035E-02 -4.773058126E+01 
       124 -5.690725809E-02 -2.813187169E-02 -2.893964497E-02 -5.500340615E+01 
       125 -5.609151034E-02 -2.201953956E-02 -2.850935127E-02 -5.409569493E+01 
       126 -9.439789935E-02 -4.201431007E-03 -2.779491074E-02 -5.938319819E+01 
       127 -5.490176592E-02 -1.455967334E-02 -2.642697630E-02 -5.035396439E+01 
       128 -9.402208775E-02 -2.575310654E-03 -2.640687753E-02 -5.921501238E+01 
       129 -5.515684495E-02 -1.710884518E-02 -2.592364726E-02 -5.192784033E+01 
       130 -9.502269967E-02 -1.128125833E-02 -2.572623447E-02 -6.279075760E+01 
       131 -5.462978035E-02 -1.345857414E-02 -2.534663778E-02 -4.944171581E+01 
       132 -5.635432944E-02 -2.746351426E-02 -2.517329255E-02 -5.834220564E+01 
       133 -5.859598165E-02 -4.577143628E-02 -2.484431292E-02 -3.449660962E+01 
       134 -5.573636012E-02 -2.312615393E-02 -2.455429046E-02 -5.598696547E+01 
       135 -5.779334011E-02 -3.962818739E-02 -2.455005270E-02 -4.556156683E+01 
       136 -9.491928015E-02 -1.169062624E-02 -2.448740098E-02 -6.405480525E+01 
       137 -9.599072007E-02 -2.080717043E-02 -2.396424102E-02 -6.795988087E+01 
       138 -5.691505876E-02 -3.320245620E-02 -2.393161777E-02 -5.787288385E+01 
       139 -5.591285853E-02 -2.520862830E-02 -2.388740169E-02 -5.841009585E+01 
       140 -5.816178331E-02 -4.392761640E-02 -2.320568626E-02 -4.124672187E+01 
       141 -5.494339364E-02 -1.837844471E-02 -2.294207969E-02 -5.306848312E+01 
       142 -5.649114078E-02 -3.085171111E-02 -2.288236923E-02 -6.095916017E+01 
       143 -9.502269967E-02 -1.418753163E-02 -2.281996117E-02 -6.651803042E+01 
       144 -5.715479553E-02 -3.659246879E-02 -2.246438772E-02 -5.580750035E+01 
       145 -5.515953131E-02 -2.061433492E-02 -2.243970390E-02 -5.526740353E+01 
       146 -5.462978035E-02 -1.711712505E-02 -2.168808687E-02 -5.212189053E+01 
       147 -9.402208775E-02 -8.021880250E-03 -2.096030793E-02 -6.287466332E+01 
       148 -5.557315935E-02 -2.606861880E-02 -2.030288067E-02 -6.125865248E+01 
       149 -5.596370086E-02 -2.963001930E-02 -1.987377472E-02 -6.322058377E+01 
       150 -5.674517284E-02 -3.641591472E-02 -1.935559736E-02 -6.229219645E+01 
       151 -5.489158175E-02 -2.180612683E-02 -1.909884146E-02 -5.735558348E+01 
       152 -5.514948551E-02 -2.440677364E-02 -1.856668822E-02 -6.059989986E+01 
       153 -5.769852694E-02 -4.502423413E-02 -1.839356947E-02 -4.290460768E+01 
       154 -5.853645986E-02 -5.203773742E-02 -1.810063451E-02 -2.807166931E+01 
       155 -5.462978035E-02 -2.075601528E-02 -1.804919664E-02 -5.649925092E+01 
       156 -5.582574215E-02 -3.065333840E-02 -1.774396908E-02 -6.681316311E+01 
       157 -5.600497375E-02 -3.273625850E-02 -1.709855818E-02 -6.838697587E+01 
       158 -5.814249165E-02 -5.029517598E-02 -1.668340971E-02 -3.646359815E+01 
       159 -9.592523072E-02 -2.770193765E-02 -1.654421856E-02 -7.636690060E+01 
       160 -9.498995967E-02 -2.067023155E-02 -1.607468447E-02 -7.176875526E+01 
       161 -5.671329493E-02 -3.949678645E-02 -1.601905900E-02 -6.308177156E+01 
       162 -9.425395400E-02 -1.496479275E-02 -1.587705817E-02 -6.949646483E+01 
       163 -5.703426701E-02 -4.230394500E-02 -1.578622560E-02 -5.573538316E+01 
       164 -5.490631688E-02 -2.546629517E-02 -1.555685266E-02 -6.378662900E+01 
       165 -9.402208775E-02 -1.401910469E-02 -1.496308349E-02 -6.867233577E+01 
       166 -5.514605465E-02 -2.799952974E-02 -1.494641174E-02 -6.750962129E+01 
       167 -5.462978035E-02 -2.436122555E-02 -1.444398637E-02 -6.277772488E+01 
       168 -5.567322457E-02 -3.368904071E-02 -1.348501709E-02 -7.226890873E+01 
       169 -9.498995967E-02 -2.357061818E-02 -1.317429784E-02 -7.516482750E+01 
       170 -9.503175192E-02 -2.394896816E-02 -1.313113721E-02 -7.726627020E+01 
       171 -5.594413983E-02 -3.667136239E-02 -1.267554942E-02 -7.082714183E+01 
       172 -5.766870293E-02 -5.098663967E-02 -1.219196650E-02 -3.661379363E+01 
       173 -5.492648904E-02 -2.908164466E-02 -1.210329072E-02 -7.059827075E+01 
       174 -5.514940923E-02 -3.149618762E-02 -1.147665889E-02 -7.351823649E+01 
       175 -5.847298406E-02 -5.872053855E-02 -1.090872567E-02 -3.586310685E+01 
       176 -5.462978035E-02 -2.790566761E-02 -1.089954431E-02 -6.981507165E+01 
       177 -5.572506932E-02 -3.740152919E-02 -1.018835214E-02 -7.351901025E+01 
       178 -5.648466475E-02 -4.361509931E-02 -1.006703744E-02 -6.071275296E+01 
       179 -9.495767296E-02 -2.696995909E-02 -9.515989113E-03 -8.197928816E+01 
       180 -9.586311338E-02 -3.424165695E-02 -9.506292685E-03 -8.077275163E+01 
       181 -5.801510538E-02 -5.659925209E-02 -9.357637203E-03 -5.753640890E+01 
       182 -9.402208775E-02 -1.996429462E-02 -9.017893561E-03 -7.703131246E+01 
       183 -5.670573665E-02 -4.675092480E-02 -8.704295381E-03 -5.172745196E+01 
       184 -5.595847197E-02 -4.078842865E-02 -8.673431690E-03 -7.038167400E+01 
       185 -5.489752589E-02 -3.248077575E-02 -8.471864851E-03 -7.569649635E+01 
       186 -5.511484455E-02 -3.481724350E-02 -7.878384015E-03 -7.714692691E+01 
       187 -5.844274163E-02 -6.190458513E-02 -7.482114014E-03  2.411757283E+01 
       188 -5.462978035E-02 -3.144579276E-02 -7.359419155E-03 -7.541820273E+01 
       189 -5.766962156E-02 -5.669502651E-02 -6.490938152E-03 -8.262380797E+01 
       190 -6.198759200E-02 -6.063399239E-02 -6.211521268E-03  1.025487246E+02 
       191 -9.527639634E-02 -3.386245591E-02 -5.179797287E-03 -8.874976506E+01 
       192 -5.634721113E-02 -4.746309761E-02 -5.116603410E-03 -5.651074931E+01 
       193 -9.430792066E-02 -2.656927409E-02 -4.705409708E-03 -9.087435578E+01 
       194 -5.485704061E-02 -3.597882180E-02 -4.649113078E-03 -7.959773102E+01 
       195 -5.762873267E-02 -5.864024451E-02 -4.217773386E-03  2.247190725E+00 
       196 -5.526246197E-02 -3.968922280E-02 -4.190350744E-03 -7.764038415E+01 
       197 -6.076415463E-02 -5.841838535E-02 -3.995914232E-03  1.020219338E+02 
       198 -5.462978035E-02 -3.514787239E-02 -3.657339530E-03 -8.171568766E+01 
       199 -9.402208775E-02 -2.548982917E-02 -3.492359014E-03 -9.507225531E+01 
       200 -6.987040634E-02 -5.780852747E-02 -3.386056355E-03  1.482255820E+02 
       201 -9.580601420E-02 -4.025298882E-02 -3.037007221E-03 -8.102762525E+01 
       202 -9.454615800E-02 -3.033686482E-02 -2.848579306E-03 -9.841939728E+01 
       203 -5.652793783E-02 -5.132168748E-02 -2.707516125E-03 -7.786186031E+01 
       204 -9.530673715E-02 -3.686202108E-02 -2.423564039E-03 -9.006502069E+01 
       205 -5.516932003E-02 -4.112798867E-02 -2.004547475E-03 -7.008464237E+01 
       206 -5.462978035E-02 -3.695929009E-02 -1.845921828E-03 -8.405612041E+01 
       207 -5.535193853E-02 -4.311958168E-02 -1.477630682E-03 -6.276152120E+01 
       208 -6.284120299E-02 -5.564520048E-02 -1.222729359E-03  1.188445442E+02 
       209 -6.828579657E-02 -5.532215975E-02 -8.996886257E-04  1.449031283E+02 
       210 -7.786588672E-02 -5.494267862E-02 -5.202074969E-04  1.745346980E+02 
       211 -5.462978035E-02 -3.911412331E-02  3.089113870E-04 -9.957058014E+01 
       212 -5.618541324E-02 -5.162502694E-02  3.430082497E-04 -1.037405253E+02 
       213 -9.419215942E-02 -3.080549745E-02  4.592653227E-04 -1.089784243E+02 
       214 -5.519466067E-02 -4.413148949E-02  7.957050618E-04 -6.537713661E+01 
       215 -9.454252456E-02 -3.426479405E-02  1.108502402E-03 -1.086950828E+02 
       216 -9.402208775E-02 -3.021371011E-02  1.231521930E-03 -1.188885688E+02 
       217 -7.658578301E-02 -5.316576098E-02  1.256710144E-03  1.714785604E+02 
       218 -5.617682324E-02 -5.281779664E-02  1.604674475E-03 -1.527721715E+01 
       219 -7.095080176E-02 -5.277372743E-02  1.648743690E-03  1.580330964E+02 
       220 -5.511870191E-02 -4.462019920E-02  1.893632385E-03 -6.733646272E+01 
       221 -5.980431171E-02 -5.240103303E-02  2.021438091E-03  1.050125975E+02 
       222 -5.462978035E-02 -4.096936303E-02  2.164151109E-03 -8.526915844E+01 
       223 -8.556832158E-02 -5.218186850E-02  2.240602619E-03  1.747051171E+02 
       224 -9.516440253E-02 -4.078603769E-02  2.642035584E-03 -8.348283501E+01 
       225 -5.517819633E-02 -4.634886858E-02  3.145131463E-03 -9.114985224E+01 
       226 -8.475944826E-02 -5.125453165E-02  3.167939470E-03  1.739884638E+02 
       227 -9.575007128E-02 -4.614268762E-02  3.301379264E-03 -7.696297079E+01 
       228 -7.918562160E-02 -5.083954032E-02  3.582930795E-03  1.740704233E+02 
       229 -9.432852768E-02 -3.539411336E-02  3.954164007E-03 -9.732850884E+01 
       230 -9.480104665E-02 -3.920279696E-02  3.973058905E-03 -7.355587831E+01 
       231 -6.052998181E-02 -5.043032439E-02  3.992146726E-03  1.072779418E+02 
       232 -5.414058861E-02 -3.900760462E-02  4.125909516E-03 -4.799311935E+01 
       233 -9.452701049E-02 -3.777815602E-02  4.746300367E-03 -7.655295155E+01 
       234 -9.271909884E-02 -4.961879117E-02  4.803679948E-03  1.393166073E+02 
       235 -5.411677567E-02 -3.989798917E-02  5.207280491E-03 -5.610249867E+01 
       236 -9.402208775E-02 -3.433693747E-02  5.354749286E-03 -1.418506834E+02 
       237 -6.923372259E-02 -4.887230776E-02  5.550163357E-03  1.468904082E+02 
       238 -8.664681482E-02 -4.857222667E-02  5.850244454E-03  1.652235366E+02 
       239 -9.572729468E-02 -4.854055309E-02  5.881918031E-03  2.189149806E+01 
       240 -9.478179752E-02 -4.110094765E-02  6.025597188E-03 -7.557289586E+01 
       241 -9.444320225E-02 -3.852480488E-02  6.165121841E-03 -7.511500010E+01 
       242 -5.484628114E-02 -4.675354469E-02  6.211898968E-03 -1.031438817E+02 
       243 -9.124460115E-02 -4.807284092E-02  6.349630200E-03  1.426542396E+02 
       244 -6.601418206E-02 -4.805726162E-02  6.365209503E-03  1.277388865E+02 
       245 -5.395456530E-02 -4.018878230E-02  6.799063689E-03 -4.119890314E+01 
       246 -5.484592924E-02 -4.748064802E-02  6.941823098E-03 -2.644046085E+01 
       247 -9.402208775E-02 -3.605785116E-02  7.075662977E-03 -1.153676365E+02 
       248 -5.684182277E-02 -4.723325003E-02  7.189221091E-03  8.792650154E+01 
       249 -7.810500890E-02 -4.708020157E-02  7.342269550E-03  1.619843230E+02 
       250 -9.501470539E-02 -4.475503093E-02  7.811663463E-03 -1.249705247E+02 
       251 -5.313523405E-02 -3.497593318E-02  8.157580957E-03 -1.411682185E+01 
       252 -9.255221965E-02 -4.622169830E-02  8.200772815E-03  1.230843292E+02 
       253 -5.396567324E-02 -4.177281428E-02  8.294000421E-03 -7.555653739E+01 
       254 -9.419641240E-02 -3.894547986E-02  8.565147918E-03 -7.758889808E+01 
       255 -9.503343389E-02 -4.575802351E-02  8.664447610E-03 -2.204295841E+01 
       256 -7.430769353E-02 -4.569037550E-02  8.732095616E-03  1.503378307E+02 
       257 -9.356466912E-02 -3.422351267E-02  8.910001467E-03 -9.517298561E+01 
       258 -8.337152800E-02 -4.530644222E-02  9.116028902E-03  1.578084051E+02 
       259 -5.311675101E-02 -3.580467354E-02  9.134560883E-03 -1.984724945E+01 
       260 -9.423612955E-02 -4.036997162E-02  9.671094577E-03 -1.185667955E+02 
       261 -9.354376920E-02 -3.485527206E-02  9.709388763E-03 -7.579545969E+01 
       262 -5.826434362E-02 -4.468425064E-02  9.738220479E-03  9.034070054E+01 
       263 -6.409221775E-02 -4.434156814E-02  1.008090298E-02  1.182521034E+02 
       264 -7.390377670E-02 -4.378032577E-02  1.064214535E-02  1.419355244E+02 
       265 -8.412237349E-02 -4.374151159E-02  1.068095953E-02  1.406076366E+02 
       266 -5.365312062E-02 -4.198191838E-02  1.100989864E-02 -7.147935340E+01 
       267 -9.441296412E-02 -4.326980753E-02  1.115266359E-02 -6.616036736E+01 
       268 -5.287909078E-02 -3.595748224E-02  1.119349837E-02 -9.278109884E+00 
       269 -9.006279117E-02 -4.309563688E-02  1.132683424E-02  1.224083275E+02 
       270 -5.365380871E-02 -4.270000600E-02  1.172246512E-02 -1.210441769E+01 
       271 -5.623483215E-02 -4.237535257E-02  1.204711855E-02  8.252800740E+01 
       272 -6.530482767E-02 -4.237295602E-02  1.204951510E-02  1.247197047E+02 
       273 -5.214606369E-02 -3.100916201E-02  1.212435213E-02  9.798385376E+00 
       274 -5.288243287E-02 -3.750954935E-02  1.271875992E-02 -3.779819110E+01 
       275 -9.258676438E-02 -3.030191789E-02  1.283159624E-02 -7.249106476E+01 
       276 -9.314519740E-02 -3.478157337E-02  1.283239898E-02 -6.831737978E+01 
       277 -6.934453299E-02 -4.153768459E-02  1.288478652E-02  1.352616185E+02 
       278 -9.382494780E-02 -4.036882041E-02  1.296779201E-02 -1.272653505E+02 
       279 -5.213663068E-02 -3.178992553E-02  1.298077239E-02  4.900855759E+00 
       280 -9.394491475E-02 -4.139283975E-02  1.302963137E-02 -3.858699207E+01 
       281 -9.123303039E-02 -4.123491592E-02  1.318755520E-02  9.936650991E+01 
       282 -9.255787369E-02 -3.083872715E-02  1.360012161E-02 -6.268439687E+01 
       283 -8.187320058E-02 -4.061938379E-02  1.380308733E-02  1.341874892E+02 
       284 -9.315197057E-02 -3.594850049E-02  1.394500638E-02 -9.802530144E+01 
       285 -7.833014255E-02 -4.033970576E-02  1.408276536E-02  1.395336945E+02 
       286 -5.727214460E-02 -4.027899353E-02  1.414347759E-02  9.202225532E+01 
       287 -6.216137970E-02 -3.949452790E-02  1.492794322E-02  1.137205364E+02 
       288 -5.185624728E-02 -3.186168384E-02  1.530132205E-02  9.614046882E+00 
       289 -5.256273641E-02 -3.757702793E-02  1.535033107E-02 -3.667806304E+01 
       290 -8.948438177E-02 -3.893159423E-02  1.549087689E-02  9.614498716E+01 
       291 -8.410248966E-02 -3.862427720E-02  1.579819392E-02  1.177503851E+02 
       292 -5.116037716E-02 -2.705635846E-02  1.607715567E-02  2.002644698E+01 
       293 -5.256276379E-02 -3.832469391E-02  1.609777721E-02  9.264146170E+00 
       294 -5.503119932E-02 -3.801681123E-02  1.640565989E-02  8.413835369E+01 
       295 -7.037601960E-02 -3.795766432E-02  1.646480680E-02  1.325085714E+02 
       296 -5.185680926E-02 -3.342366616E-02  1.685879617E-02 -1.326313018E+01 
       297 -5.115722382E-02 -2.785108644E-02  1.689717610E-02  1.630256586E+01 
       298 -9.153149192E-02 -2.607005615E-02  1.706345798E-02 -4.652194520E+01 
       299 -7.572274801E-02 -3.721634497E-02  1.720612615E-02  1.332064654E+02 
       300 -9.205707266E-02 -3.047585726E-02  1.725388408E-02 -5.331812475E+01 
       301 -6.314085120E-02 -3.695834842E-02  1.746412270E-02  1.173519946E+02 
       302 -9.152625747E-02 -2.666151327E-02  1.769689730E-02 -4.575434252E+01 
       303 -9.264470816E-02 -3.577966925E-02  1.784462895E-02 -1.083313803E+02 
       304 -9.114834240E-02 -3.636532562E-02  1.805714550E-02  7.936684356E+01 
       305 -9.264416728E-02 -3.617658586E-02  1.824588526E-02 -3.655744423E+01 
       306 -9.205825025E-02 -3.152831290E-02  1.829689685E-02 -8.263036015E+01 
       307 -6.786439633E-02 -3.602787314E-02  1.839459798E-02  1.261367214E+02 
       308 -5.588994855E-02 -3.580376981E-02  1.861870131E-02  8.978875572E+01 
       309 -8.363305875E-02 -3.538465589E-02  1.903781523E-02  1.099685571E+02 
       310 -5.087132054E-02 -2.786155683E-02  1.924733392E-02  1.778192785E+01 
       311 -5.153881076E-02 -3.341444329E-02  1.940005018E-02 -1.223014649E+01 
       312 -6.055083554E-02 -3.492570927E-02  1.949676185E-02  1.067345477E+02 
       313 -7.698839532E-02 -3.462086387E-02  1.980160724E-02  1.270492846E+02 
       314 -5.046399957E-02 -2.318837929E-02  1.994513485E-02  3.123295160E+01 
       315 -5.153778738E-02 -3.421432916E-02  2.020814196E-02  2.554140402E+01 
       316 -8.837254914E-02 -3.413193411E-02  2.029053701E-02  8.202825440E+01 
       317 -5.376349879E-02 -3.394105377E-02  2.048141735E-02  8.182449966E+01 
       318 -8.085745361E-02 -3.384372118E-02  2.057874994E-02  1.168882900E+02 
       319 -5.042027917E-02 -2.403195338E-02  2.078832409E-02  2.547479482E+01 
       320 -5.087426230E-02 -2.949622411E-02  2.087545533E-02  5.305277438E+00 
       321 -6.868163950E-02 -3.333508851E-02  2.108738261E-02  1.224012171E+02 
       322 -9.047440902E-02 -2.183093504E-02  2.130257909E-02 -2.888965068E+01 
       323 -9.097617827E-02 -2.608523459E-02  2.153248604E-02 -4.060789465E+01 
       324 -5.433956227E-02 -3.216226329E-02  2.226020783E-02  8.527762142E+01 
       325 -6.119329920E-02 -3.210071227E-02  2.232175885E-02  1.084601057E+02 
       326 -7.342317563E-02 -3.208080503E-02  2.234166609E-02  1.227957696E+02 
       327 -9.146944149E-02 -3.106084978E-02  2.255191748E-02 -9.928113168E+01 
       328 -8.919642549E-02 -3.174910630E-02  2.267336482E-02  7.182514348E+01 
       329 -9.097682794E-02 -2.727665455E-02  2.271869100E-02 -8.032729616E+01 
       330 -9.146891939E-02 -3.146360817E-02  2.295886295E-02 -3.239111977E+01 
       331 -5.033112291E-02 -2.396660400E-02  2.313394531E-02  3.446021432E+01 
       332 -5.064639373E-02 -2.943789288E-02  2.330568914E-02  1.238275218E+01 
       333 -6.524471084E-02 -3.096937531E-02  2.345309581E-02  1.153136765E+02 
       334 -5.877051526E-02 -3.080193305E-02  2.362053807E-02  9.911527711E+01 
       335 -5.070471874E-02 -1.934728379E-02  2.378623034E-02  6.109193029E+01 
       336 -8.210007053E-02 -3.060575985E-02  2.381671127E-02  1.017206123E+02 
       337 -5.069584724E-02 -3.026637834E-02  2.415609278E-02  4.178328807E+01 
       338 -8.718665080E-02 -3.016040712E-02  2.426206400E-02  7.844426962E+01 
       339 -5.213187257E-02 -3.014635107E-02  2.427612005E-02  8.115939675E+01 
       340 -7.388787201E-02 -2.997303707E-02  2.444943405E-02  1.169821494E+02 
       341 -5.063885887E-02 -2.016310326E-02  2.461395086E-02  5.272526875E+01 
       342 -5.035049095E-02 -2.563513933E-02  2.479540280E-02  3.145431581E+01 
       343 -8.098415698E-02 -2.942428191E-02  2.499818921E-02  1.035413137E+02 
       344 -8.991752262E-02 -2.189629018E-02  2.537274097E-02 -2.974154110E+01 
       345 -8.906000430E-02 -1.765636941E-02  2.547714472E-02 -1.535632742E+01 
       346 -7.678174295E-02 -2.865229209E-02  2.577017903E-02  1.126366306E+02 
       347 -5.819898924E-02 -2.847324788E-02  2.594922324E-02  9.838895963E+01 
       348 -6.604312143E-02 -2.827761109E-02  2.614486003E-02  1.128362462E+02 
       349 -5.341945208E-02 -2.816759361E-02  2.625487751E-02  8.627601992E+01 
       350 -8.992408124E-02 -2.354969520E-02  2.701370045E-02 -7.945910524E+01 
       351 -9.031661071E-02 -2.636419262E-02  2.701424124E-02 -1.018918023E+02 
       352 -6.988390065E-02 -2.740497844E-02  2.701749268E-02  1.143136381E+02 
       353 -5.098973649E-02 -2.013536307E-02  2.705913659E-02  7.246179804E+01 
       354 -5.043402955E-02 -2.554745779E-02  2.719183506E-02  4.934759466E+01 
       355 -8.817505586E-02 -2.715932630E-02  2.726314482E-02  6.637903236E+01 
       356 -5.937343397E-02 -2.703274150E-02  2.738972962E-02  1.035952660E+02 
       357 -5.237732165E-02 -1.559626540E-02  2.753724874E-02  1.005927722E+02 
       358 -9.031223089E-02 -2.687638634E-02  2.754608478E-02 -3.920840281E+01 
       359 -6.354525752E-02 -2.651446710E-02  2.790800402E-02  1.090873811E+02 
       360 -5.236083190E-02 -2.646612337E-02  2.795634775E-02  8.602243610E+01 
       361 -5.050900207E-02 -2.638755182E-02  2.803491930E-02  6.659273453E+01 
       362 -5.231033203E-02 -1.635918481E-02  2.831354541E-02  9.694403985E+01 
       363 -8.271202850E-02 -2.605062367E-02  2.837184745E-02  9.119881536E+01 
       364 -5.099622922E-02 -2.171749714E-02  2.865016356E-02  7.300570544E+01 
       365 -7.666262514E-02 -2.565197785E-02  2.877049327E-02  1.074544490E+02 
       366 -7.079889629E-02 -2.561949985E-02  2.880297127E-02  1.117036549E+02 
       367 -8.614187997E-02 -2.560716500E-02  2.881530612E-02  7.055291042E+01 
       368 -5.355058782E-02 -2.512818103E-02  2.929429009E-02  9.143055930E+01 
       369 -8.652300262E-02 -1.382168969E-02  2.931182445E-02  1.476533852E+01 
       370 -5.755359053E-02 -2.499125716E-02  2.943121396E-02  9.948969747E+01 
       371 -7.499306645E-02 -2.475913662E-02  2.966333450E-02  1.090089946E+02 
       372 -8.041043808E-02 -2.459590367E-02  2.982656745E-02  9.725901695E+01 
       373 -8.655852451E-02 -1.467805564E-02  3.015476277E-02  6.695155957E+00 
       374 -6.409542101E-02 -2.378087918E-02  3.064159194E-02  1.095476078E+02 
       375 -8.795266823E-02 -1.810630080E-02  3.068960874E-02 -2.996369257E+01 
       376 -5.320303678E-02 -1.647773961E-02  3.076080477E-02  1.178409219E+02 
       377 -5.555767018E-02 -1.227281074E-02  3.086070340E-02  1.357667697E+02 
       378 -5.152786950E-02 -2.173139638E-02  3.104187336E-02  9.692015598E+01 
       379 -8.873271876E-02 -2.180596257E-02  3.113248832E-02 -7.983211536E+01 
       380 -5.838587139E-02 -2.300533201E-02  3.141713910E-02  1.018617268E+02 
       381 -8.691625477E-02 -2.299925529E-02  3.142321583E-02  6.715342969E+01 
       382 -5.550410156E-02 -1.301170210E-02  3.160593369E-02  1.349981299E+02 
       383 -6.883773930E-02 -2.281230172E-02  3.161016940E-02  1.112304145E+02 
       384 -5.256472191E-02 -2.280930693E-02  3.161316419E-02  9.209584924E+01 
       385 -7.507134073E-02 -2.264343435E-02  3.177903677E-02  1.071534451E+02 
       386 -5.158579142E-02 -2.256935584E-02  3.185311528E-02  9.383020980E+01 
       387 -8.869773200E-02 -2.254374406E-02  3.187872706E-02 -2.257285889E+01 
       388 -6.720408948E-02 -2.242901876E-02  3.199345236E-02  1.113349085E+02 
       389 -6.081797451E-02 -2.220348971E-02  3.221898141E-02  1.066041710E+02 
       390 -5.320023753E-02 -1.803345800E-02  3.231201234E-02  1.195610799E+02 
       391 -8.063501089E-02 -2.205766092E-02  3.236481020E-02  9.401416324E+01 
       392 -8.249903107E-02 -1.073712555E-02  3.237961972E-02  5.720590926E+01 
       393 -5.527788533E-02 -2.136971653E-02  3.305275459E-02  9.678751693E+01 
       394 -8.252232727E-02 -1.143742848E-02  3.311880119E-02  5.086280536E+01 
       395 -7.213303891E-02 -2.127510861E-02  3.314736251E-02  1.098442485E+02 
       396 -7.810895519E-02 -2.119834619E-02  3.322412493E-02  1.024525242E+02 
       397 -6.007991413E-02 -9.655552355E-03  3.342365851E-02  1.476730410E+02 
       398 -8.374075290E-02 -2.090858771E-02  3.351388341E-02  7.811529183E+01 
       399 -8.376043682E-02 -1.333468433E-02  3.355128154E-02  2.951909571E+01 
       400 -5.693612089E-02 -1.340535978E-02  3.396680091E-02  1.462162575E+02 
       401 -6.100558050E-02 -2.033881285E-02  3.408365827E-02  1.075066681E+02 
       402 -6.004473052E-02 -1.034685422E-02  3.416240832E-02  1.488549790E+02 
       403 -7.732890280E-02 -8.618192861E-03  3.440679358E-02  9.488118912E+01 
       404 -5.423026544E-02 -1.824168147E-02  3.468996481E-02  1.377244760E+02 
       405 -8.406932012E-02 -1.962230687E-02  3.480016425E-02  7.982570769E+01 
       406 -5.540299755E-02 -1.959704379E-02  3.482542733E-02  9.930681880E+01 
       407 -6.629469181E-02 -1.958033726E-02  3.484213386E-02  1.122863134E+02 
       408 -6.559155173E-02 -8.013657222E-03  3.494529556E-02  1.385837290E+02 
       409 -8.578333911E-02 -1.812486846E-02  3.516372115E-02 -1.822440133E+01 
       410 -7.732167982E-02 -9.300595115E-03  3.517852670E-02  9.013045288E+01 
       411 -7.247555577E-02 -1.916643167E-02  3.525603945E-02  1.109603634E+02 
       412 -8.377112055E-02 -1.505964617E-02  3.526706936E-02  1.927514474E+01 
       413 -7.153884108E-02 -7.644457791E-03  3.527711938E-02  1.200426182E+02 
       414 -6.355200932E-02 -1.904744476E-02  3.537502636E-02  1.115129459E+02 
       415 -5.691824430E-02 -1.483214828E-02  3.540057362E-02  1.492440730E+02 
       416 -5.425573307E-02 -1.900240857E-02  3.542006255E-02  1.173183659E+02 
       417 -7.708466568E-02 -1.884225977E-02  3.558021135E-02  1.059089519E+02 
       418 -5.798803525E-02 -1.882628454E-02  3.559618658E-02  1.042734567E+02 
       419 -6.556876526E-02 -8.685751706E-03  3.568264947E-02  1.404385172E+02 
       420 -8.575534724E-02 -1.870369644E-02  3.571877468E-02  2.313259916E+01 
       421 -7.914236755E-02 -1.128923668E-02  3.600942460E-02  7.236106727E+01 
       422 -7.150635180E-02 -8.341000204E-03  3.606207757E-02  1.193728258E+02 
       423 -7.145768738E-02 -1.829773959E-02  3.612473153E-02  1.150600857E+02 
       424 -6.815918169E-02 -1.821065067E-02  3.621182045E-02  1.152129597E+02 
       425 -6.186805191E-02 -1.107161215E-02  3.623892203E-02  1.483146260E+02 
       426 -7.834896653E-02 -1.716266126E-02  3.725980986E-02  1.058582638E+02 
       427 -7.353487202E-02 -9.924493846E-03  3.731722588E-02  1.065515760E+02 
       428 -6.758900470E-02 -9.814335827E-03  3.736133061E-02  1.325849853E+02 
       429 -7.915135593E-02 -1.268053222E-02  3.744641895E-02  7.274566642E+01 
       430 -8.012644619E-02 -1.688517073E-02  3.753730039E-02  9.530538383E+01 
       431 -6.187543604E-02 -1.246951701E-02  3.770879071E-02  1.559686416E+02 
       432 -5.841316777E-02 -1.532791935E-02  3.773512078E-02  1.571500291E+02 
       433 -6.247090349E-02 -1.649052622E-02  3.793194490E-02  1.136653316E+02 
       434 -5.890246619E-02 -1.646090523E-02  3.796156589E-02  1.089871998E+02 
       435 -8.128907815E-02 -1.512443790E-02  3.816738296E-02  4.480346094E+01 
       436 -5.842247484E-02 -1.601519631E-02  3.840727481E-02  1.342769596E+02 
       437 -8.127831983E-02 -1.569944495E-02  3.872302617E-02  6.837929804E+01 
       438 -7.352684743E-02 -1.133079348E-02  3.878065850E-02  1.128353677E+02 
       439 -6.757442776E-02 -1.127291107E-02  3.888203906E-02  1.421101353E+02 
       440 -6.691086884E-02 -1.547065826E-02  3.895181286E-02  1.207275027E+02 
       441 -7.274925315E-02 -1.545464705E-02  3.896782407E-02  1.196086276E+02 
       442 -6.421336977E-02 -1.500468800E-02  3.941778312E-02  1.184912789E+02 
       443 -7.527256874E-02 -1.492692592E-02  3.949554520E-02  1.147927422E+02 
       444 -6.372689592E-02 -1.329511532E-02  3.971152673E-02  1.545304551E+02 
       445 -7.574322015E-02 -1.319064595E-02  3.999368262E-02  9.655543396E+01 
       446 -6.372842289E-02 -1.400993255E-02  4.041253857E-02  1.386469387E+02 
       447 -6.972203446E-02 -1.397542053E-02  4.044705059E-02  1.223513652E+02 
       448 -6.969594566E-02 -1.256906765E-02  4.051262824E-02  1.327268958E+02 
       449 -7.573869142E-02 -1.382344020E-02  4.059903092E-02  1.073504316E+02 
       450 -6.969682491E-02 -1.325245235E-02  4.117001877E-02  1.307205678E+02 
