nodenumber     x-coordinate     y-coordinate     z-coordinate         pressure 
         1  1.124109831E-01  8.762751366E-03  2.676043251E-01 -1.374687648E+02 
         2  1.053861150E-01  1.064506123E-02  2.676050459E-01 -1.484538238E+02 
         3  9.836194161E-02  1.252718526E-02  2.676057697E-01 -1.539583679E+02 
         4  9.442956001E-02  1.358086430E-02  2.676061690E-01 -1.403316165E+02 
         5  1.120619667E-01  7.488091340E-03  2.678363895E-01 -1.260849436E+02 
         6  1.193524192E-01  6.994507437E-03  2.681081020E-01 -1.332982963E+02 
         7  9.730266979E-02  9.509112782E-03  2.681658468E-01 -1.128390096E+02 
         8  1.045173676E-01  7.471724370E-03  2.681827710E-01 -1.180346412E+02 
         9  9.408890611E-02  1.001363947E-02  2.682266487E-01 -1.116760560E+02 
        10  1.190324725E-01  5.815955292E-03  2.682714605E-01 -1.330058032E+02 
        11  1.157905643E-01  4.405972265E-03  2.683285854E-01 -1.286869991E+02 
        12  9.821658025E-02  8.206494272E-03  2.683451332E-01 -1.113417760E+02 
        13  1.076617643E-01  4.936926855E-03  2.684694372E-01 -1.227136881E+02 
        14  1.060681811E-01  5.355154624E-03  2.684710877E-01 -1.188629773E+02 
        15  1.149802121E-01  1.414703789E-03  2.688689287E-01 -1.279408116E+02 
        16  1.036975394E-01  2.121957062E-03  2.691273727E-01 -1.116019215E+02 
        17  1.098349994E-01 -7.437643923E-04  2.693338495E-01 -1.282562286E+02 
        18  1.064124703E-01  1.733000827E-04  2.693341970E-01 -1.174535680E+02 
        19  9.651655972E-02  2.082630000E-03  2.694610951E-01 -1.066318392E+02 
        20  1.219736444E-01  2.687880371E-03  2.695134985E-01 -1.404588387E+02 
        21  1.022173541E-01  1.032071924E-04  2.695371403E-01 -1.071345558E+02 
        22  9.376282736E-02  2.076469173E-03  2.695875590E-01 -1.056681782E+02 
        23  9.749334639E-02  9.513481804E-04  2.696084597E-01 -1.050208494E+02 
        24  1.054681507E-01  1.101946259E-02  2.697854703E-01 -1.689047093E+02 
        25  1.125058394E-01  9.143893633E-03  2.698407241E-01 -1.482278866E+02 
        26  1.169391248E-01 -2.551419830E-03  2.698605956E-01 -1.341680575E+02 
        27  1.213076213E-01  1.704840686E-04  2.699769817E-01 -1.424887067E+02 
        28  1.054640842E-01 -3.366363988E-03  2.699776743E-01 -1.066163430E+02 
        29  1.038837604E-01 -3.101289156E-03  2.700046927E-01 -1.058713971E+02 
        30  1.259718895E-01  5.592631142E-03  2.701526743E-01 -1.365811524E+02 
        31  1.191336445E-01  7.447562574E-03  2.702778364E-01 -1.373104699E+02 
        32  1.256885112E-01  4.436421213E-03  2.703064720E-01 -1.386896889E+02 
        33  9.601919576E-02 -6.076726015E-03  2.708674698E-01 -1.041698198E+02 
        34  9.827881623E-02  1.315109718E-02  2.709152869E-01 -1.787368770E+02 
        35  9.359161816E-02 -5.916907447E-03  2.709509330E-01 -1.054581401E+02 
        36  9.890333753E-02 -8.555461731E-03  2.711564802E-01 -1.044250646E+02 
        37  9.509203289E-02  1.405908772E-02  2.712131724E-01 -1.617356367E+02 
        38  1.034681718E-01 -1.081572495E-02  2.713319035E-01 -1.051535637E+02 
        39  9.919738890E-02 -9.693320583E-03  2.713360578E-01 -1.056131766E+02 
        40  1.254529249E-01  5.950149207E-03  2.713544440E-01 -1.415117088E+02 
        41  1.151485822E-01  8.770777016E-03  2.716832562E-01 -1.404251244E+02 
        42  1.080652711E-01  1.068387519E-02  2.717672031E-01 -1.571777364E+02 
        43  1.234794987E-01 -3.929270021E-03  2.719207519E-01 -1.499398225E+02 
        44  1.213034826E-01  7.183455070E-03  2.720230223E-01 -1.407236820E+02 
        45  9.968534894E-02  1.298997430E-02  2.721019835E-01 -1.636319276E+02 
        46  9.701563451E-02 -1.398975476E-02  2.721640512E-01 -1.064972285E+02 
        47  9.302324019E-02 -1.358643658E-02  2.722774756E-01 -1.074214380E+02 
        48  1.280932541E-01  1.528601461E-03  2.725245301E-01 -1.371608374E+02 
        49  1.015480429E-01 -1.798223755E-02  2.726347102E-01 -1.084118185E+02 
        50  9.792555240E-02 -1.701693199E-02  2.726359856E-01 -1.079311370E+02 
        51  1.274514900E-01 -8.623770925E-04  2.729628951E-01 -1.494012401E+02 
        52  9.572610033E-02 -2.107679380E-02  2.734246608E-01 -1.075015066E+02 
        53  9.221976145E-02 -2.058468674E-02  2.735008982E-01 -1.069508299E+02 
        54  9.657522195E-02 -2.406962499E-02  2.738935398E-01 -1.073152757E+02 
        55  9.969099711E-02 -2.491328976E-02  2.738947092E-01 -1.102029926E+02 
        56  1.317666245E-01  4.766205572E-03  2.741471561E-01 -1.404209222E+02 
        57  1.315025869E-01  3.611087941E-03  2.743069520E-01 -1.341360920E+02 
        58  9.433868622E-02 -2.755132520E-02  2.745858624E-01 -9.501764344E+01 
        59  9.119580907E-02 -2.697633212E-02  2.746314938E-01 -8.511373427E+01 
        60  1.276181454E-01  6.022086601E-03  2.749413451E-01 -1.461200741E+02 
        61  9.510121157E-02 -3.092209379E-02  2.751227841E-01 -7.697592549E+01 
        62  1.002599837E-01  1.338516031E-02  2.751227509E-01 -1.480561307E+02 
        63  9.784105911E-02 -3.181782270E-02  2.751499038E-01 -1.090043047E+02 
        64  1.304924132E-01  5.365228714E-03  2.755642933E-01 -1.485730393E+02 
        65  9.279714705E-02 -3.379252303E-02  2.757145120E-01 -4.961018828E+01 
        66  1.002936680E-01 -3.591514376E-02  2.757330615E-01 -7.752532313E+01 
        67  9.698107839E-02 -3.502753749E-02  2.757334113E-01 -8.514790547E+01 
        68  8.991080075E-02 -3.314861058E-02  2.757367614E-01 -3.822650652E+01 
        69  1.081859378E-01  1.138562071E-02  2.758052246E-01 -1.519085132E+02 
        70  1.292386549E-01 -4.750506521E-03  2.758913461E-01 -1.556355368E+02 
        71  9.309237677E-02 -3.561325121E-02  2.760098360E-01 -4.325043944E+01 
        72  9.313851568E-02 -3.589779630E-02  2.760559914E-01 -4.916783166E+01 
        73  1.073026396E-01 -3.770286860E-02  2.762292020E-01 -6.154530299E+01 
        74  8.920367515E-02 -3.619896492E-02  2.762862606E-01 -1.635920651E+01 
        75  9.679245295E-02 -3.854058244E-02  2.763377748E-01 -7.386916706E+01 
        76  1.031552802E-01 -4.039740784E-02  2.765507183E-01 -7.805670821E+01 
        77  1.150944781E-01  9.684645434E-03  2.766305432E-01 -1.518056082E+02 
        78  8.974667384E-02 -3.983537860E-02  2.768782409E-01 -4.507241115E+01 
        79  9.623992550E-02 -4.170154902E-02  2.768990013E-01 -8.340909093E+01 
        80  8.825508649E-02 -3.955943557E-02  2.768993707E-01 -3.573410267E+01 
        81  1.024992073E-01 -4.293090802E-02  2.770102049E-01 -1.042508168E+02 
        82  1.211581100E-01  8.144511656E-03  2.770953629E-01 -1.509548180E+02 
        83  9.831481047E-02 -4.437592893E-02  2.772580398E-01 -1.056859455E+02 
        84  9.119080578E-02 -4.278333626E-02  2.773124147E-01 -6.577427447E+01 
        85  1.332243436E-01  9.869205937E-04  2.773379112E-01 -1.394949280E+02 
        86  9.802926574E-02 -4.550515131E-02  2.774625456E-01 -9.946514948E+01 
        87  9.111284353E-02 -4.365189885E-02  2.774632620E-01 -8.798972971E+01 
        88  8.738205582E-02 -4.265223444E-02  2.774636447E-01 -7.418471702E+01 
        89  1.048598602E-01  1.261208467E-02  2.776496773E-01 -1.506045068E+02 
        90  1.097735952E-01 -4.198323675E-02  2.777349191E-01 -4.723707481E+01 
        91  1.325841400E-01 -1.347385193E-03  2.777399914E-01 -1.486465255E+02 
        92  1.051800532E-01 -4.604032813E-02  2.777547959E-01 -9.831183416E+01 
        93  1.048686015E-01 -4.724292925E-02  2.779834176E-01 -8.712190053E+01 
        94  1.091145286E-01 -4.444513577E-02  2.781913734E-01 -7.085162019E+01 
        95  1.116707728E-01  1.088775300E-02  2.782026309E-01 -1.545085135E+02 
        96  1.139254645E-01 -3.911337183E-02  2.782312676E-01 -3.345096524E+01 
        97  1.182934927E-01  9.158968112E-03  2.784537209E-01 -1.564372903E+02 
        98  1.243559056E-01  7.540302109E-03  2.784847540E-01 -1.533356850E+02 
        99  9.806907668E-02 -4.529357675E-02  2.786850496E-01 -9.242371039E+01 
       100  1.315946397E-01  5.650732590E-03  2.787592978E-01 -1.510379154E+02 
       101  9.624955405E-02  1.512353670E-02  2.787745080E-01 -1.438218367E+02 
       102  1.361565737E-01  4.603663428E-03  2.797231097E-01 -1.461327745E+02 
       103  1.046734962E-01 -4.686726372E-02  2.797623276E-01 -6.786002082E+01 
       104  1.116878676E-01 -4.739669939E-02  2.797631409E-01 -6.100190391E+01 
       105  1.358963327E-01  3.393559508E-03  2.799030731E-01 -1.397690813E+02 
       106  1.113546329E-01 -4.861337198E-02  2.800042265E-01 -5.755058507E+01 
       107  9.109580434E-02 -4.313901367E-02  2.802594293E-01 -1.051448669E+02 
       108  1.350503117E-01  5.011832517E-03  2.803379230E-01 -1.537721223E+02 
       109  8.778500109E-02 -4.222443502E-02  2.804107607E-01 -1.003906143E+02 
       110  1.159758172E-01 -4.311867377E-02  2.806468488E-01 -2.688752924E+01 
       111  1.017126288E-01 -4.585769233E-02  2.809519487E-01 -8.272415418E+01 
       112  1.153164910E-01 -4.556251803E-02  2.811131971E-01 -4.074558716E+01 
       113  1.108687076E-01 -4.827845796E-02  2.811303567E-01 -4.818615650E+01 
       114  9.193149642E-02 -4.320317786E-02  2.811381495E-01 -1.094595675E+02 
       115  1.336573080E-01 -4.921373085E-03  2.814638136E-01 -1.521198485E+02 
       116  9.477520184E-02 -4.390197598E-02  2.814853559E-01 -1.077800163E+02 
       117  1.255898759E-01  7.789239407E-03  2.816727852E-01 -1.613978987E+02 
       118  1.069406018E-01 -4.711880158E-02  2.817200174E-01 -5.957475744E+01 
       119  1.114115378E-01  1.162962724E-02  2.819014759E-01 -1.584381210E+02 
       120  1.197543612E-01 -3.995460802E-02  2.821946355E-01 -2.705139904E+01 
       121  1.047229067E-01  1.348949897E-02  2.822743260E-01 -1.497789274E+02 
       122  1.283253514E-01  7.186548431E-03  2.823891398E-01 -1.566049215E+02 
       123  1.006471163E-01  1.479017230E-02  2.834220285E-01 -1.450079825E+02 
       124  1.173894404E-01 -4.819306491E-02  2.835807958E-01 -4.112042057E+01 
       125  1.367951134E-01  1.006823019E-03  2.836924825E-01 -1.276483386E+02 
       126  1.170111527E-01 -4.942829024E-02  2.838582987E-01 -4.181572706E+01 
       127  1.361045899E-01 -1.203247973E-03  2.838736642E-01 -1.089096532E+02 
       128  1.072676640E-01  1.314294525E-02  2.841185593E-01 -1.548945409E+02 
       129  1.353787631E-01 -4.844505340E-03  2.844237983E-01 -1.177089486E+02 
       130  1.127709307E-01 -4.818485135E-02  2.844488409E-01 -4.455124020E+01 
       131  1.185177900E-01  1.021011275E-02  2.845664428E-01 -1.671266892E+02 
       132  1.344817727E-01 -8.192349715E-03  2.850324180E-01 -1.034814295E+02 
       133  1.010215935E-01 -4.493004501E-02  2.850362973E-01 -9.372191403E+01 
       134  1.349180115E-01  5.903039543E-03  2.850453077E-01 -1.573111728E+02 
       135  1.158688624E-01 -4.888697959E-02  2.851524042E-01 -4.058853950E+01 
       136  1.210880723E-01 -4.362933755E-02  2.852763725E-01 -3.403489215E+01 
       137  1.158349340E-01  1.111736594E-02  2.856029794E-01 -1.665863678E+02 
       138  1.302425961E-01  7.257364436E-03  2.856043956E-01 -1.591187084E+02 
       139  9.743178779E-02 -4.386240170E-02  2.856184179E-01 -1.111164056E+02 
       140  1.204406339E-01 -4.606761665E-02  2.857677707E-01 -4.178473670E+01 
       141  1.217040945E-01  9.588230586E-03  2.858416791E-01 -1.698784871E+02 
       142  1.364510529E-01 -2.668992701E-03  2.858495838E-01 -8.835337577E+01 
       143  9.945779192E-02  1.555939320E-02  2.859005025E-01 -1.451275861E+02 
       144  9.682907626E-02  1.626411197E-02  2.859027262E-01 -1.430175238E+02 
       145  1.386995389E-01  5.124104991E-03  2.863338808E-01 -1.383618765E+02 
       146  9.066620431E-02 -4.191836850E-02  2.863408126E-01 -1.189525172E+02 
       147  1.325515531E-01 -1.539651770E-02  2.863420712E-01 -7.729599132E+01 
       148  8.848162905E-02 -4.131811127E-02  2.864230046E-01 -1.108042094E+02 
       149  1.064579501E-01 -4.611148078E-02  2.865497536E-01 -6.951486797E+01 
       150  1.383359327E-01  3.388499794E-03  2.866236571E-01 -1.105277031E+02 
       151  1.366562933E-01  5.738586384E-03  2.867026239E-01 -1.582972756E+02 
       152  1.349815238E-01 -8.084533610E-03  2.874477634E-01 -6.282917222E+01 
       153  1.036908279E-01 -4.518448892E-02  2.875706726E-01 -8.678458084E+01 
       154  1.306621884E-01 -2.244820494E-02  2.876239933E-01 -5.923443280E+01 
       155  1.242108403E-01 -4.012610069E-02  2.878194153E-01 -4.863137623E+01 
       156  1.167133320E-01 -4.860940933E-02  2.879238796E-01 -4.400747592E+01 
       157  1.076420505E-01  1.376438280E-02  2.880887569E-01 -1.590594238E+02 
       158  1.096628900E-01 -4.667956436E-02  2.881484016E-01 -6.066328210E+01 
       159  1.330086402E-01 -1.520172479E-02  2.881971042E-01 -4.578780529E+01 
       160  1.363981717E-01 -4.324003076E-03  2.884146260E-01 -7.321216778E+01 
       161  9.616224780E-02 -4.299424745E-02  2.885228771E-01 -1.242118467E+02 
       162  9.236196842E-02 -4.194693401E-02  2.886829606E-01 -1.285658578E+02 
       163  1.217440182E-01 -4.828769846E-02  2.888931661E-01 -4.940737520E+01 
       164  1.287747480E-01 -2.949271702E-02  2.889046232E-01 -5.478744807E+01 
       165  1.289715857E-01  8.243154846E-03  2.891537814E-01 -1.704291767E+02 
       166  1.213189141E-01 -4.961557469E-02  2.891770205E-01 -4.581846116E+01 
       167  1.011640128E-01  1.574556753E-02  2.894393033E-01 -1.500482808E+02 
       168  1.235711094E-01  9.745758770E-03  2.894598873E-01 -1.766170034E+02 
       169  1.311228471E-01 -2.223543578E-02  2.894741976E-01 -3.422946407E+01 
       170  1.205404844E-01 -4.932446030E-02  2.896311089E-01 -4.554711014E+01 
       171  1.140210685E-01  1.234603741E-02  2.896883280E-01 -1.681446076E+02 
       172  1.346525717E-01 -1.087896643E-02  2.899300556E-01 -5.083308340E+01 
       173  1.268462645E-01 -3.669040440E-02  2.902131066E-01 -6.230873009E+01 
       174  1.057568297E-01  1.466661731E-02  2.902732645E-01 -1.574375268E+02 
       175  1.106301338E-01 -4.648383688E-02  2.906506179E-01 -6.552596228E+01 
       176  1.292285661E-01 -2.927488716E-02  2.907079037E-01 -3.654067046E+01 
       177  1.382617231E-01  1.690845163E-03  2.907181714E-01 -8.887746053E+01 
       178  1.259473711E-01 -4.004534334E-02  2.908230126E-01 -5.858547988E+01 
       179  1.326159593E-01 -1.842515717E-02  2.909866369E-01 -3.809366322E+01 
       180  1.371070778E-01 -2.662231901E-03  2.911318333E-01 -7.033100274E+01 
       181  1.142859123E-01 -4.737337546E-02  2.911454533E-01 -5.598108733E+01 
       182  1.245857307E-01 -4.339350107E-02  2.911769779E-01 -5.278543581E+01 
       183  1.027740632E-01 -4.425300546E-02  2.913434365E-01 -1.041906838E+02 
       184  1.357629014E-01  6.850496539E-03  2.915023193E-01 -1.606871453E+02 
       185  8.883032928E-02 -4.042656281E-02  2.918411809E-01 -1.249404467E+02 
       186  9.840318272E-02 -4.298967545E-02  2.918508064E-01 -1.248220111E+02 
       187  9.109812673E-02 -4.103049556E-02  2.918614183E-01 -1.323647640E+02 
       188  1.240336097E-01 -4.578873114E-02  2.918651948E-01 -5.242436501E+01 
       189  1.312628404E-01  8.149555742E-03  2.920158463E-01 -1.708953524E+02 
       190  1.307398049E-01 -2.541770108E-02  2.922418457E-01 -3.423140148E+01 
       191  1.273725558E-01 -3.627116951E-02  2.922736875E-01 -4.409869906E+01 
       192  9.679162972E-02  1.748589158E-02  2.925683261E-01 -1.504577061E+02 
       193  1.258269239E-01 -4.183185730E-02  2.927235728E-01 -5.270219947E+01 
       194  9.897956405E-02  1.693752022E-02  2.927764874E-01 -1.519085595E+02 
       195  1.372524447E-01  6.730959591E-03  2.930401089E-01 -1.642861921E+02 
       196  1.350135668E-01 -1.071658623E-02  2.932554549E-01 -3.845823412E+01 
       197  1.150637101E-01  1.271820680E-02  2.932722484E-01 -1.719102613E+02 
       198  1.222820497E-01  1.078807779E-02  2.932936210E-01 -1.812663659E+02 
       199  1.391541620E-01  6.269397440E-03  2.933039637E-01 -1.355707719E+02 
       200  1.201405076E-01 -4.852389790E-02  2.934453536E-01 -5.325439056E+01 
       201  1.066104370E-01  1.502825165E-02  2.935206203E-01 -1.623352429E+02 
       202  1.386972793E-01  4.141932023E-03  2.937002738E-01 -9.662934019E+01 
       203  1.287742951E-01 -3.277745389E-02  2.938299495E-01 -3.893917113E+01 
       204  1.087191593E-01 -4.535786292E-02  2.940279252E-01 -8.650783143E+01 
       205  1.161315077E-01 -4.730117084E-02  2.942627378E-01 -6.146506061E+01 
       206  1.050910590E-01 -4.434264778E-02  2.942652080E-01 -1.070745079E+02 
       207  1.268595036E-01 -3.970386189E-02  2.947893136E-01 -4.797125034E+01 
       208  1.330205664E-01 -1.782895873E-02  2.948713458E-01 -3.420849332E+01 
       209  1.184121378E-01  1.211514735E-02  2.948899644E-01 -1.776718671E+02 
       210  9.698821316E-02 -4.203279437E-02  2.950289981E-01 -1.407271348E+02 
       211  1.364371351E-01 -4.133570053E-03  2.950874666E-01 -6.278294537E+01 
       212  1.244831517E-01 -4.734377146E-02  2.951049614E-01 -5.538602085E+01 
       213  9.269145182E-02 -4.086688360E-02  2.951097219E-01 -1.413577966E+02 
       214  1.239091867E-01 -4.916753584E-02  2.954592570E-01 -5.613833131E+01 
       215  1.355381249E-01 -7.269948669E-03  2.957599404E-01 -4.802222939E+01 
       216  1.115885076E-01  1.410285307E-02  2.957670533E-01 -1.674860624E+02 
       217  1.223870447E-01 -4.870044537E-02  2.957852402E-01 -5.854921325E+01 
       218  1.311556707E-01 -2.486746779E-02  2.960894158E-01 -3.208904994E+01 
       219  1.337790021E-01 -1.457726479E-02  2.961126011E-01 -3.086088082E+01 
       220  1.300394425E-01  9.244636216E-03  2.962365893E-01 -1.793122355E+02 
       221  1.292504776E-01 -3.221222348E-02  2.967402571E-01 -3.250864147E+01 
       222  1.006088492E-01  1.724332633E-02  2.968599662E-01 -1.578152935E+02 
       223  1.152261760E-01 -4.657302986E-02  2.969337949E-01 -7.766522966E+01 
       224  1.039906667E-01  1.639417768E-02  2.971732039E-01 -1.621839333E+02 
       225  1.268881406E-01 -4.032329930E-02  2.972143832E-01 -5.227718614E+01 
       226  1.266155911E-01  1.034163898E-02  2.972247928E-01 -1.832215749E+02 
       227  8.882541799E-02 -3.942170822E-02  2.973614483E-01 -1.365245764E+02 
       228  9.125867054E-02 -4.003975259E-02  2.975479292E-01 -1.437023922E+02 
       229  1.320590911E-01 -2.088344867E-02  2.975801241E-01 -2.740875111E+01 
       230  1.375715502E-01  3.026417188E-03  2.975934741E-01 -1.037116249E+02 
       231  1.113828936E-01 -4.541433947E-02  2.976431684E-01 -9.346938740E+01 
       232  1.304255838E-01 -2.728243839E-02  2.982711252E-01 -2.752416934E+01 
       233  1.364515850E-01 -1.096119531E-03  2.983704713E-01 -8.481744134E+01 
       234  1.256540999E-01 -4.484890158E-02  2.984860789E-01 -5.999179799E+01 
       235  1.213833713E-01 -4.790238754E-02  2.986959592E-01 -7.044866106E+01 
       236  9.614017242E-02  1.878868588E-02  2.987746033E-01 -1.625990730E+02 
       237  1.033030902E-01 -4.303760175E-02  2.988088473E-01 -1.322318716E+02 
       238  1.111383572E-01  1.481469985E-02  2.990193380E-01 -1.656503253E+02 
       239  1.356283603E-01  8.262011953E-03  2.990685041E-01 -1.829648385E+02 
       240  9.932393257E-02 -4.191460725E-02  2.991215987E-01 -1.453836080E+02 
       241  9.869758302E-02  1.819674187E-02  2.992876352E-01 -1.615695420E+02 
       242  1.173626151E-01 -4.669540390E-02  2.994094004E-01 -8.438277904E+01 
       243  1.337362379E-01  8.847334417E-03  2.994995772E-01 -1.903287654E+02 
       244  1.374859410E-01  7.926870754E-03  2.999627266E-01 -1.502124733E+02 
       245  1.284031224E-01 -3.425748938E-02  3.000567026E-01 -4.126477561E+01 
       246  1.059703735E-01  1.642451696E-02  3.002578672E-01 -1.633541308E+02 
       247  1.370223615E-01  5.840884958E-03  3.003837251E-01 -1.126147717E+02 
       248  1.274708115E-01 -3.771990398E-02  3.005770242E-01 -5.675449706E+01 
       249  1.330516790E-01 -1.317554423E-02  3.007508454E-01 -4.280235149E+01 
       250  1.257661953E-01  1.123298317E-02  3.008760385E-01 -1.828717225E+02 
       251  1.188235103E-01  1.311062355E-02  3.009722007E-01 -1.762486771E+02 
       252  1.339332456E-01 -8.763813708E-03  3.010725766E-01 -5.768980705E+01 
       253  1.102790802E-01 -4.448392221E-02  3.011343797E-01 -1.187263656E+02 
       254  1.314064533E-01 -2.003281055E-02  3.015926334E-01 -3.863308440E+01 
       255  9.261545466E-02 -3.966731178E-02  3.015963399E-01 -1.515607710E+02 
       256  1.252811979E-01 -4.591690666E-02  3.017225134E-01 -7.015498788E+01 
       257  1.234252356E-01 -4.784702353E-02  3.020098971E-01 -8.729697396E+01 
       258  1.347567900E-01 -2.020509865E-03  3.020974505E-01 -9.394890917E+01 
       259  1.245798888E-01 -4.813614546E-02  3.021212704E-01 -7.867542321E+01 
       260  9.746921771E-02 -4.087133777E-02  3.021268810E-01 -1.557851530E+02 
       261  1.062604312E-01 -4.319756953E-02  3.022875310E-01 -1.372493618E+02 
       262  1.131998905E-01  1.487037504E-02  3.023639619E-01 -1.641770674E+02 
       263  1.225781040E-01  1.237879609E-02  3.024802116E-01 -1.794315970E+02 
       264  1.296072020E-01 -2.691198072E-02  3.026575465E-01 -3.761885183E+01 
       265  1.162334891E-01  1.416682123E-02  3.029648791E-01 -1.688507370E+02 
       266  1.334087541E-01 -6.824089483E-03  3.030504236E-01 -8.222256339E+01 
       267  9.944835732E-02  1.868169396E-02  3.030617876E-01 -1.611501077E+02 
       268  1.317849253E-01 -1.538344430E-02  3.031006836E-01 -5.769662046E+01 
       269  1.167099742E-01 -4.582432666E-02  3.032391555E-01 -1.070325626E+02 
       270  1.054791330E-01  1.710463663E-02  3.032750720E-01 -1.584759942E+02 
       271  8.830533510E-02 -3.813856672E-02  3.036532654E-01 -1.478904025E+02 
       272  1.348227995E-01  4.977989035E-03  3.039050125E-01 -1.003798028E+02 
       273  9.058141899E-02 -3.868164167E-02  3.040204914E-01 -1.533405778E+02 
       274  1.320862147E-01  1.011762285E-02  3.040553351E-01 -2.169104984E+02 
       275  1.265280369E-01 -3.900754950E-02  3.042027750E-01 -7.541103389E+01 
       276  1.297377208E-01 -2.329575038E-02  3.044505435E-01 -5.320574494E+01 
       277  1.282599232E-01 -3.077102576E-02  3.044829810E-01 -5.187101371E+01 
       278  1.298324700E-01  1.080525334E-02  3.045162119E-01 -2.160312508E+02 
       279  1.138128815E-01 -4.481480783E-02  3.045224888E-01 -1.245100643E+02 
       280  9.489454675E-02  2.017380433E-02  3.045634774E-01 -1.663565539E+02 
       281  1.034269631E-01  1.790727948E-02  3.046656993E-01 -1.544891332E+02 
       282  1.336788172E-01  8.714250807E-04  3.046853947E-01 -9.629669616E+01 
       283  1.253017698E-01 -4.341716862E-02  3.049728893E-01 -8.134967421E+01 
       284  9.702321511E-02  1.972323597E-02  3.052196671E-01 -1.587104322E+02 
       285  1.206601266E-01 -4.647171296E-02  3.054999009E-01 -1.099088170E+02 
       286  9.868721934E-02 -4.057686921E-02  3.055418331E-01 -1.611466876E+02 
       287  1.100872256E-01  1.630089417E-02  3.056454169E-01 -1.570356123E+02 
       288  1.338418986E-01  9.945074932E-03  3.056937670E-01 -1.543170970E+02 
       289  1.054570705E-01 -4.235135283E-02  3.057583872E-01 -1.565940972E+02 
       290  1.316851727E-01 -7.170882649E-03  3.058921821E-01 -8.119425574E+01 
       291  1.333715214E-01  7.930888905E-03  3.061246926E-01 -7.702393689E+01 
       292  1.271923428E-01 -3.141040145E-02  3.067541292E-01 -7.301674602E+01 
       293  1.286594391E-01 -2.271925190E-02  3.069043624E-01 -6.918928620E+01 
       294  1.297159908E-01 -1.427773791E-02  3.070549736E-01 -6.701813943E+01 
       295  1.029418420E-01 -4.143382403E-02  3.070985051E-01 -1.647072910E+02 
       296  1.258924814E-01 -3.628464755E-02  3.076101473E-01 -8.080593487E+01 
       297  1.211728276E-01 -4.621489835E-02  3.076682308E-01 -1.342426646E+02 
       298  1.311125530E-01  9.182440211E-05  3.076810112E-01 -6.765499997E+01 
       299  1.294585858E-01 -1.150683664E-02  3.079137244E-01 -6.712406018E+01 
       300  1.233749460E-01  1.317360002E-02  3.080267073E-01 -2.328820174E+02 
       301  1.131553026E-01 -4.397212664E-02  3.081887563E-01 -1.488293665E+02 
       302  1.240136794E-01 -4.440211465E-02  3.081920840E-01 -8.550071790E+01 
       303  1.300482108E-01 -3.482656557E-03  3.083750153E-01 -6.460607209E+01 
       304  1.277119565E-01  1.209029188E-02  3.084596763E-01 -2.432239058E+02 
       305  1.233036670E-01 -4.662508751E-02  3.085523711E-01 -1.113240093E+02 
       306  1.173708158E-01  1.490592642E-02  3.087067933E-01 -2.183419672E+02 
       307  1.280668326E-01 -1.713440051E-02  3.087968960E-01 -6.363321837E+01 
       308  1.104637157E-01  1.679472996E-02  3.089168085E-01 -2.077732231E+02 
       309  1.302418787E-01  7.129718607E-03  3.089230438E-01 -3.870721133E+01 
       310  1.036233291E-01  1.865497145E-02  3.090680319E-01 -2.061530939E+02 
       311  9.738068696E-02  2.035236918E-02  3.092081207E-01 -2.198234942E+02 
       312  1.196156492E-01 -4.548773535E-02  3.093731851E-01 -1.517787063E+02 
       313  1.098614212E-01 -4.286754411E-02  3.094102113E-01 -1.625224970E+02 
       314  1.291760103E-01  3.102905849E-03  3.096195247E-01 -3.103664917E+01 
       315  1.263658261E-01 -2.503560138E-02  3.096347629E-01 -6.546031742E+01 
       316  9.220663618E-02 -3.809448809E-02  3.096456290E-01 -1.579742886E+02 
       317  1.215570493E-01  1.396680384E-02  3.097106896E-01 -2.546942957E+02 
       318  1.149917482E-01 -4.418432548E-02  3.097281136E-01 -1.537703992E+02 
       319  1.258425149E-01 -2.882721449E-02  3.097840656E-01 -7.020705461E+01 
       320  9.532401200E-02 -3.890209504E-02  3.097976360E-01 -1.625316934E+02 
       321  1.285530909E-01  1.213245687E-02  3.099313165E-01 -1.380216532E+02 
       322  9.303583813E-02  2.163223147E-02  3.100478199E-01 -2.114825363E+02 
       323  1.280503434E-01  1.010817178E-02  3.103753843E-01 -1.982066704E+00 
       324  1.241565131E-01 -3.726306498E-02  3.105072785E-01 -8.207211515E+01 
       325  1.149896840E-01  1.589491273E-02  3.106376236E-01 -2.412729249E+02 
       326  9.504505355E-02  2.125396124E-02  3.108283660E-01 -2.721324262E+02 
       327  1.011808089E-01  1.963388079E-02  3.108529551E-01 -2.554619672E+02 
       328  8.692541682E-02 -3.643989772E-02  3.109635661E-01 -1.560533074E+02 
       329  1.079474501E-01  1.784360045E-02  3.109778865E-01 -2.366212604E+02 
       330  1.269845069E-01 -4.488101033E-03  3.111569863E-01 -2.775223806E+01 
       331  1.229641683E-01 -4.172083225E-02  3.111970307E-01 -8.160799999E+01 
       332  1.263256670E-01 -9.406634653E-03  3.114882430E-01 -3.584585487E+01 
       333  8.994488276E-02 -3.709569370E-02  3.118063547E-01 -1.573911616E+02 
       334  1.257826097E-01  2.241546524E-03  3.118708805E-01  1.769371617E+01 
       335  1.250649215E-01 -1.735882674E-02  3.121378980E-01 -4.125857338E+01 
       336  1.243252940E-01  9.283700719E-03  3.121630399E-01  4.352535762E+01 
       337  1.221238647E-01  1.427350039E-02  3.122331644E-01 -1.196241479E+02 
       338  1.026878528E-01 -4.042551554E-02  3.122706870E-01 -1.709607572E+02 
       339  1.248065124E-01 -2.132527677E-03  3.125683756E-01  1.841627533E+01 
       340  9.201839752E-02  2.233113023E-02  3.125733137E-01 -1.354494858E+02 
       341  1.089857843E-01 -4.205129152E-02  3.126097195E-01 -1.736537195E+02 
       342  1.215707697E-01  1.221874632E-02  3.126840798E-01  6.428066154E+01 
       343  9.515128781E-02  2.156067225E-02  3.127504832E-01 -1.734716914E+02 
       344  1.232974349E-01 -3.032584219E-02  3.128358274E-01 -5.689409990E+01 
       345  1.151228301E-01  1.626789501E-02  3.128855718E-01 -1.015900113E+02 
       346  1.232360988E-01  5.035056748E-03  3.128951712E-01  5.987304385E+01 
       347  1.080399799E-01  1.817037485E-02  3.129117885E-01 -1.098433829E+02 
       348  1.012873001E-01  1.997975191E-02  3.129124785E-01 -1.352685860E+02 
       349  1.238078791E-01 -2.215650125E-02  3.129455580E-01 -4.308978754E+01 
       350  1.237728142E-01 -1.085412580E-02  3.131869015E-01  4.401634601E+00 
       351  9.194270944E-02  1.966901570E-02  3.131931863E-01 -2.062599884E+01 
       352  9.447020010E-02  1.947046951E-02  3.132376260E-01 -9.431572395E+00 
       353  1.145667551E-01  1.425367688E-02  3.132618434E-01  8.660907541E+01 
       354  1.075054147E-01  1.619304454E-02  3.132714639E-01  7.631637424E+01 
       355  1.224346297E-01 -3.449890591E-02  3.133156330E-01 -6.068460275E+01 
       356  1.005381392E-01  1.723441276E-02  3.134121770E-01  4.986729822E+01 
       357  1.176999887E-01  1.128015620E-02  3.134624360E-01  9.201928507E+01 
       358  1.230978628E-01 -1.457968135E-02  3.136269709E-01 -9.450826811E-01 
       359  1.107480111E-01  1.314874486E-02  3.136400659E-01  9.508200460E+01 
       360  9.623030932E-02  1.692757405E-02  3.136550474E-01  4.322193026E+01 
       361  1.029393797E-01  1.486129781E-02  3.137052653E-01  7.949095315E+01 
       362  9.871690153E-02 -3.907727274E-02  3.138345838E-01 -1.665275425E+02 
       363  1.209004290E-01 -4.261527217E-02  3.138893506E-01 -6.558857248E+01 
       364  1.053413097E-01 -4.082624383E-02  3.139771194E-01 -1.743435149E+02 
       365  1.195174179E-01  4.148508197E-03  3.141204459E-01  9.962660317E+01 
       366  1.202179251E-01 -4.477179537E-02  3.141990996E-01 -1.330485806E+02 
       367  1.165256947E-01  6.993315353E-03  3.142521181E-01  1.167059988E+02 
       368  1.213589423E-01 -3.128483564E-03  3.142594088E-01  6.385011372E+01 
       369  1.024686077E-01  1.145938830E-02  3.143036326E-01  1.161055893E+02 
       370  1.095965321E-01  9.112417686E-03  3.143770226E-01  1.265568116E+02 
       371  9.416296325E-02  1.293259400E-02  3.144284766E-01  8.516290037E+01 
       372  9.123019834E-02  1.358407109E-02  3.144467352E-01  7.541386859E+01 
       373  1.155514719E-01 -4.345103816E-02  3.145867376E-01 -1.987413211E+02 
       374  1.066061505E-01  8.234275599E-03  3.146621377E-01  1.345759586E+02 
       375  1.128887775E-01  6.104592620E-03  3.147196892E-01  1.353143961E+02 
       376  1.216365070E-01 -2.321539876E-02  3.147473545E-01 -1.224023852E+01 
       377  9.872216796E-02  8.977164667E-03  3.148952205E-01  1.306024793E+02 
       378  1.184141943E-01 -2.652014659E-04  3.149108979E-01  1.036684375E+02 
       379  9.538935406E-02  9.780200813E-03  3.149108216E-01  1.233317249E+02 
       380  1.203820968E-01 -7.529775301E-03  3.149485433E-01  5.758686910E+01 
       381  1.208828481E-01 -2.749399328E-02  3.152767806E-01 -2.240494054E+01 
       382  1.049798730E-01  3.911140274E-03  3.154693640E-01  1.536240336E+02 
       383  1.115192833E-01  1.607378282E-03  3.155460841E-01  1.467956319E+02 
       384  1.006429896E-01  3.659375227E-03  3.157095774E-01  1.543532566E+02 
       385  9.205026204E-02  5.903468477E-03  3.157203424E-01  1.444575192E+02 
       386  1.144403746E-01 -1.245205387E-03  3.157223479E-01  1.321852380E+02 
       387  1.199136872E-01 -3.564069513E-02  3.157280792E-01 -3.428807453E+01 
       388  8.982991151E-02  6.354313600E-03  3.157450039E-01  1.369314858E+02 
       389  1.075336580E-01  9.107884833E-04  3.158618832E-01  1.573676711E+02 
       390  1.186581822E-01 -1.620306649E-02  3.162002527E-01  4.764028563E+01 
       391  1.167057364E-01 -8.721827163E-03  3.162161052E-01  9.858012752E+01 
       392  9.857258369E-02  9.221288793E-04  3.162680776E-01  1.649418687E+02 
       393  1.189074773E-01 -3.980654844E-02  3.162954304E-01 -4.069735024E+01 
       394  9.388658205E-02  1.145716601E-03  3.164435726E-01  1.621193192E+02 
       395  1.122000444E-01 -4.221341278E-02  3.164552203E-01 -2.065068111E+02 
       396  1.141940844E-01 -4.274433037E-02  3.164736361E-01 -2.207819175E+02 
       397  1.133794456E-01 -5.530302803E-03  3.164770360E-01  1.328194127E+02 
       398  1.181434185E-01 -2.019914455E-02  3.167050944E-01  3.762374609E+01 
       399  1.056819389E-01 -3.734678210E-03  3.167340316E-01  1.636662078E+02 
       400  1.011806469E-01 -4.094657995E-03  3.170000839E-01  1.704391925E+02 
       401  1.156521244E-01 -1.317268222E-02  3.170159410E-01  9.316874739E+01 
       402  1.086136152E-01 -6.901430884E-03  3.171018042E-01  1.533432828E+02 
       403  9.128980330E-02 -2.216229234E-03  3.171319856E-01  1.703699729E+02 
       404  8.881742955E-02 -2.077713255E-03  3.172210935E-01  1.653591069E+02 
       405  1.179646287E-01 -2.877107949E-02  3.172610383E-01  1.566781481E+01 
       406  9.059248995E-02 -3.622949524E-02  3.175256110E-01 -1.946364721E+02 
       407  1.080356538E-01 -1.003466090E-02  3.176529547E-01  1.516260881E+02 
       408  9.882759445E-02 -7.625591195E-03  3.177060543E-01  1.750934963E+02 
       409  1.172383889E-01 -3.283826144E-02  3.177334404E-01  7.877336170E+00 
       410  9.345441540E-02 -7.042211323E-03  3.178518348E-01  1.776457646E+02 
       411  1.123520645E-01 -1.400683882E-02  3.178743467E-01  1.262446834E+02 
       412  1.156076080E-01 -2.172731149E-02  3.179959628E-01  6.992372341E+01 
       413  9.789904095E-02 -3.808723776E-02  3.180751855E-01 -2.022747898E+02 
       414  1.004584592E-01 -1.158493694E-02  3.183032371E-01  1.724226138E+02 
       415  1.162629583E-01 -4.074251973E-02  3.183146436E-01 -1.521522572E+01 
       416  1.039348853E-01 -1.261360834E-02  3.183193613E-01  1.624918162E+02 
       417  1.154268915E-01 -2.651210499E-02  3.184729419E-01  5.807564076E+01 
       418  1.156495895E-01 -4.275373268E-02  3.185671013E-01 -1.371547115E+02 
       419  1.104587168E-01 -1.801247674E-02  3.186860374E-01  1.287650722E+02 
       420  9.036350913E-02 -1.120951742E-02  3.186993314E-01  1.773845569E+02 
       421  1.053704066E-01 -3.997536628E-02  3.187005241E-01 -2.100779782E+02 
       422  8.792838774E-02 -1.086589965E-02  3.187519620E-01  1.734951383E+02 
       423  1.115019563E-01 -2.021591267E-02  3.188879963E-01  1.102474711E+02 
       424  8.426289072E-02 -3.428504184E-02  3.188928882E-01 -1.648969072E+02 
       425  1.054432082E-01 -1.743202706E-02  3.190678202E-01  1.531526095E+02 
       426  9.669521312E-02 -1.611667432E-02  3.192431602E-01  1.732076736E+02 
       427  9.227298951E-02 -1.522784260E-02  3.192938282E-01  1.756874168E+02 
       428  1.143651967E-01 -3.406094475E-02  3.193374665E-01  3.984612927E+01 
       429  9.574824429E-02 -3.726050620E-02  3.194529534E-01 -2.240298355E+02 
       430  1.029686011E-01 -2.060136677E-02  3.197180007E-01  1.552691792E+02 
       431  1.095220578E-01 -4.088787599E-02  3.197998375E-01 -2.232909650E+02 
       432  9.849513042E-02 -1.993113366E-02  3.198080722E-01  1.655543356E+02 
       433  1.111564094E-01 -2.803953132E-02  3.198604556E-01  9.238174686E+01 
       434  1.135035463E-01 -3.785269213E-02  3.199103036E-01  2.004205354E+01 
       435  1.085845797E-01 -2.476038485E-02  3.200150588E-01  1.214183884E+02 
       436  8.707442615E-02 -3.482179876E-02  3.200840303E-01 -2.217300627E+02 
       437  1.032836346E-01 -3.912764922E-02  3.202880931E-01 -2.250720964E+02 
       438  1.049015438E-01 -2.460773285E-02  3.202905125E-01  1.412625034E+02 
       439  8.862163886E-02 -2.017232671E-02  3.202986557E-01  1.667756846E+02 
       440  8.633086998E-02 -1.971848247E-02  3.203260200E-01  1.613428263E+02 
       441  1.106101082E-01 -3.092540586E-02  3.203402695E-01  8.163842171E+01 
       442  9.548892067E-02 -2.447328531E-02  3.207152809E-01  1.576164289E+02 
       443  9.033860658E-02 -2.346947994E-02  3.207796173E-01  1.559277659E+02 
       444  1.026628745E-01 -2.812442471E-02  3.209865175E-01  1.361202648E+02 
       445  1.082288628E-01 -3.224756552E-02  3.211071151E-01  9.656843474E+01 
       446  1.105890710E-01 -3.888497279E-02  3.211286435E-01  3.541287683E+01 
       447  9.689143652E-02 -2.732252582E-02  3.211346036E-01  1.418795004E+02 
       448  1.100513917E-01 -4.075417958E-02  3.213154304E-01 -1.050840814E+02 
       449  1.035375628E-01 -3.043547266E-02  3.213353123E-01  1.169162429E+02 
       450  1.078004562E-01 -3.641319093E-02  3.217098056E-01  6.317648047E+01 
       451  8.681715279E-02 -2.949164501E-02  3.219612875E-01  1.262572368E+02 
       452  8.393629425E-02 -2.887601770E-02  3.219880936E-01  1.168208318E+02 
       453  9.476988341E-02 -3.201380786E-02  3.220268148E-01  1.149547079E+02 
       454  1.013329933E-01 -3.441375792E-02  3.221349180E-01  9.556069109E+01 
       455  8.795036033E-02 -3.155361491E-02  3.222593605E-01  1.084505381E+02 
       456  1.037933845E-01 -3.786322161E-02  3.224026093E-01  7.056812856E+01 
       457  9.640149278E-02 -3.482368064E-02  3.224290282E-01  9.437817191E+01 
       458  1.035568463E-01 -3.879639176E-02  3.225129464E-01 -9.768451304E+01 
       459  9.592758971E-02 -3.670559072E-02  3.227697614E-01 -8.374454100E+01 
       460  8.743247437E-02 -3.442932880E-02  3.227706341E-01 -8.347122524E+01 
       461  8.263605833E-02 -3.314413130E-02  3.227711320E-01 -2.472653269E+01 
