nodenumber     x-coordinate     y-coordinate     z-coordinate         pressure 
         1  4.226400888E-02 -6.056512998E-05 -3.493483652E-02 -3.805540305E+01 
         2  3.816134867E-02 -8.732406215E-04 -3.485830358E-02 -3.787325756E+01 
         3  4.327417412E-02  2.302764925E-03 -3.485280612E-02 -3.762983288E+01 
         4  2.287286713E-02  2.157698171E-03 -3.483014442E-02 -3.671951042E+01 
         5  4.388672526E-02 -2.666741657E-03 -3.482740778E-02 -3.897498103E+01 
         6  3.221761022E-02  7.479203310E-04 -3.480811719E-02 -3.657871149E+01 
         7  3.644257197E-02  1.015191523E-03 -3.478990077E-02 -3.697413665E+01 
         8  2.298161868E-02  2.993550700E-03 -3.471827256E-02 -3.524874819E+01 
         9  3.028627972E-02 -2.681024043E-03 -3.463685650E-02 -3.812534862E+01 
        10  4.186921071E-02  4.663525233E-03 -3.460242308E-02 -3.676783304E+01 
        11  3.818728225E-02  4.663811000E-03 -3.459537868E-02 -3.631061305E+01 
        12  3.816617368E-02 -4.444904565E-03 -3.458267898E-02 -3.912400211E+01 
        13  2.739394678E-02 -2.788242555E-03 -3.456643632E-02 -3.815050906E+01 
        14  4.230313846E-02 -5.170213085E-03 -3.455189047E-02 -3.959477003E+01 
        15  3.053268492E-02  4.694634205E-03 -3.450456845E-02 -3.531684315E+01 
        16  1.524945280E-02 -2.703831654E-03 -3.438861272E-02 -3.866777025E+01 
        17  4.621237851E-02  2.272048196E-03 -3.437275408E-02 -3.771952609E+01 
        18  4.621586168E-02 -2.630472648E-03 -3.434079929E-02 -3.904301669E+01 
        19  3.072030568E-03 -2.026460976E-03 -3.433392865E-02 -3.876954171E+01 
        20  2.687551599E-02  5.614401515E-03 -3.433362430E-02 -3.481950528E+01 
        21  1.815166060E-02 -2.611912523E-03 -3.432354378E-02 -3.847264457E+01 
        22  1.198793868E-02  3.022282399E-03 -3.432274159E-02 -3.680045161E+01 
        23  3.243527736E-02 -6.101971260E-03 -3.427286565E-02 -4.031796776E+01 
        24  3.669082543E-02 -6.096822560E-03 -3.426821069E-02 -4.042809478E+01 
        25  6.030491870E-03  2.911634278E-03 -3.426396116E-02 -3.704148424E+01 
        26 -7.494541727E-19 -2.021058539E-03 -3.420413686E-02 -3.756249794E+01 
        27  4.328780263E-02  7.225621418E-03 -3.418735717E-02 -3.631228432E+01 
        28  4.334021747E-02 -7.579860628E-03 -3.409624641E-02 -3.991606969E+01 
        29  3.662937055E-02  7.499353829E-03 -3.405740395E-02 -3.546739137E+01 
        30  2.320191192E-02 -7.536181717E-03 -3.404746679E-02 -3.993616419E+01 
        31  3.321206518E-02  7.809286942E-03 -3.397308540E-02 -3.494207295E+01 
        32  4.756128695E-02 -1.247825324E-04 -3.385859534E-02 -3.829088219E+01 
        33  4.621068786E-02  7.123532386E-03 -3.370430596E-02 -3.632415838E+01 
        34  1.222165800E-02 -7.465043226E-03 -3.364665006E-02 -4.161425057E+01 
        35  6.009188001E-03 -7.327467471E-03 -3.361676091E-02 -4.133472731E+01 
        36  4.622547054E-02 -7.472478290E-03 -3.361313007E-02 -3.961911326E+01 
        37  3.127642304E-02 -9.309102912E-03 -3.360294687E-02 -4.157015374E+01 
        38  4.756059067E-02  4.655566042E-03 -3.354240982E-02 -3.693600416E+01 
        39  4.195715651E-02 -9.735849493E-03 -3.352618908E-02 -4.083399044E+01 
        40  1.508305818E-02  8.057631640E-03 -3.352217362E-02 -3.521175594E+01 
        41  4.755649520E-02 -4.897778450E-03 -3.349516034E-02 -3.939068245E+01 
        42  3.851649431E-02 -9.807622829E-03 -3.349331094E-02 -4.176687697E+01 
        43  4.196044372E-02  9.942490693E-03 -3.347499180E-02 -3.530203637E+01 
        44  3.044246584E-03  8.133434390E-03 -3.344434454E-02 -3.622462451E+01 
        45  1.782241703E-02  8.205331974E-03 -3.342679508E-02 -3.474493131E+01 
        46  3.855775202E-02  1.011835994E-02 -3.341030646E-02 -3.494161305E+01 
        47  2.624887101E-02  1.002866375E-02 -3.333978611E-02 -3.394647124E+01 
        48  2.343306955E-02 -9.699997395E-03 -3.333522957E-02 -4.111437548E+01 
        49 -7.494541727E-19  8.102195273E-03 -3.332792849E-02 -3.593829431E+01 
        50  4.876929657E-02 -1.212564292E-04 -3.330384787E-02 -3.786039265E+01 
        51  4.876528876E-02  4.575583854E-03 -3.299235942E-02 -3.681669648E+01 
        52  4.877307492E-02 -4.810202742E-03 -3.293339183E-02 -3.864948208E+01 
        53  2.710899123E-02 -1.110986427E-02 -3.290361240E-02 -4.139577643E+01 
        54  2.100074644E-02  1.139173129E-02 -3.283817162E-02 -3.370997467E+01 
        55  3.175241221E-02  1.167529398E-02 -3.281179958E-02 -3.377672742E+01 
        56  4.343668724E-02  1.199716290E-02 -3.280830509E-02 -3.475689601E+01 
        57  4.344263647E-02 -1.234188227E-02 -3.268622049E-02 -4.086203237E+01 
        58  3.700526169E-02 -1.229586522E-02 -3.263872809E-02 -4.253654061E+01 
        59  2.839677079E-02  1.203851557E-02 -3.261906163E-02 -3.322374648E+01 
        60  4.755913164E-02  9.347606921E-03 -3.253939248E-02 -3.565127462E+01 
        61  3.433034139E-02 -1.259411176E-02 -3.252166013E-02 -4.231332093E+01 
        62  4.755025179E-02 -9.556061129E-03 -3.247046939E-02 -3.905244972E+01 
        63  4.914661236E-02 -1.135610472E-04 -3.236018449E-02 -3.744158467E+01 
        64  4.621365396E-02  1.182884001E-02 -3.234793947E-02 -3.504758463E+01 
        65  3.730992768E-02  1.319853475E-02 -3.228677999E-02 -3.364000818E+01 
        66  4.621008532E-02 -1.216637874E-02 -3.222126171E-02 -3.921452395E+01 
        67  2.924758598E-03 -1.217450091E-02 -3.218086646E-02 -4.444948787E+01 
        68  1.485153923E-02 -1.251774725E-02 -3.214249467E-02 -4.321273809E+01 
        69  3.366659884E-02  1.362996063E-02 -3.207347437E-02 -3.298195086E+01 
        70 -7.494541727E-19 -1.212497750E-02 -3.204947346E-02 -4.338843189E+01 
        71  5.724186700E-03  1.264113371E-02 -3.204865385E-02 -3.568301022E+01 
        72  4.915963598E-02  4.443315218E-03 -3.201677837E-02 -3.666066231E+01 
        73  4.876264554E-02  9.177337149E-03 -3.200588496E-02 -3.574783428E+01 
        74  4.915349557E-02 -4.667899979E-03 -3.199429818E-02 -3.789923767E+01 
        75  1.956603307E-02 -1.306429325E-02 -3.195531185E-02 -4.219669549E+01 
        76  1.155615174E-02  1.303782160E-02 -3.194736433E-02 -3.481091654E+01 
        77  4.876474460E-02 -9.400521361E-03 -3.192129097E-02 -3.839809282E+01 
        78  4.204545817E-02 -1.477042641E-02 -3.164486943E-02 -4.220145055E+01 
        79  4.219249434E-02  1.484898371E-02 -3.160452042E-02 -3.369220169E+01 
        80  3.906520640E-02 -1.494773829E-02 -3.155867716E-02 -4.296040462E+01 
        81  3.900666541E-02  1.504971152E-02 -3.148521777E-02 -3.297782363E+01 
        82  7.027087144E-02  3.500291171E-02 -3.134726507E-02 -4.863458207E+01 
        83  7.026388721E-02  3.709999844E-02 -3.127293503E-02 -4.934134816E+01 
        84  7.278443258E-02  3.366951501E-02 -3.125946007E-02 -4.776315459E+01 
        85  6.742524026E-02  3.366079341E-02 -3.125640096E-02 -4.959230999E+01 
        86  7.276092832E-02  3.151749820E-02 -3.124812681E-02 -4.789571084E+01 
        87  6.736955984E-02  3.151749820E-02 -3.123457843E-02 -4.960982749E+01 
        88  2.855960993E-02 -1.578720396E-02 -3.106118311E-02 -4.080421906E+01 
        89  3.253935930E-02 -1.584155384E-02 -3.105957826E-02 -4.130050285E+01 
        90  4.919151608E-02  8.892492210E-03 -3.097693328E-02 -3.568992543E+01 
        91  4.917752825E-02 -9.116023097E-03 -3.093214101E-02 -3.760566392E+01 
        92  4.755413981E-02  1.384275144E-02 -3.089910049E-02 -3.447012067E+01 
        93  6.471901443E-02  3.500482738E-02 -3.088164439E-02 -5.039436178E+01 
        94  4.968682556E-02  2.414419512E-03 -3.088025618E-02 -3.693870058E+01 
        95  4.969413779E-02 -2.418748451E-03 -3.085465172E-02 -3.757070483E+01 
        96  4.753750802E-02 -1.402676737E-02 -3.082507018E-02 -3.857584505E+01 
        97  7.581402019E-02  3.498966304E-02 -3.082491453E-02 -4.708918692E+01 
        98  6.471444181E-02  3.709999844E-02 -3.080822213E-02 -5.245409243E+01 
        99  4.365428772E-02  1.652759557E-02 -3.077188916E-02 -3.340274984E+01 
       100  7.580145257E-02  3.709999844E-02 -3.074827106E-02 -4.767150886E+01 
       101  2.127463908E-02  1.611039277E-02 -3.068356255E-02 -3.222349954E+01 
       102  4.365210961E-02 -1.685282167E-02 -3.060491167E-02 -4.221467352E+01 
       103  2.673755210E-02  1.654832665E-02 -3.051459302E-02 -3.175920093E+01 
       104  4.874446394E-02  1.359877322E-02 -3.040174426E-02 -3.461249953E+01 
       105  4.618377835E-02  1.630607853E-02 -3.035937242E-02 -3.388180615E+01 
       106  7.806440159E-02  3.368210019E-02 -3.035076380E-02 -4.668364551E+01 
       107  6.213425980E-02  3.366061065E-02 -3.034656822E-02 -5.114088188E+01 
       108  7.807463408E-02  3.151749820E-02 -3.034023490E-02 -4.674127788E+01 
       109  4.872626463E-02 -1.381364602E-02 -3.031586102E-02 -3.714906559E+01 
       110  3.286891681E-02  1.715106466E-02 -3.031556173E-02 -3.137850210E+01 
       111  6.203375519E-02  3.151749820E-02 -3.030391214E-02 -5.099030924E+01 
       112  4.616753901E-02 -1.662767007E-02 -3.019599259E-02 -3.965780045E+01 
       113  4.965836637E-02  7.204210061E-03 -3.019183622E-02 -3.605052627E+01 
       114  4.968028459E-02 -7.197648310E-03 -3.012318318E-02 -3.764380986E+01 
       115  7.566790006E-02  3.709999844E-02 -3.003836139E-02 -4.815306193E+01 
       116  3.762502160E-02 -1.776038571E-02 -3.002861928E-02 -4.151615257E+01 
       117  3.808014839E-02  1.781890746E-02 -3.000721622E-02 -3.176987799E+01 
       118  2.849881961E-03  1.707955425E-02 -2.999690841E-02 -3.580829106E+01 
       119  5.894083745E-03 -1.691976395E-02 -2.998271981E-02 -4.803373036E+01 
       120  1.129261598E-02 -1.709151160E-02 -2.990387269E-02 -4.665051115E+01 
       121 -7.494541727E-19  1.702266516E-02 -2.989843408E-02 -3.598964499E+01 
       122  3.441596595E-02 -1.809908338E-02 -2.980251887E-02 -3.997799999E+01 
       123  2.833964663E-02  1.818964307E-02 -2.964357848E-02 -3.060017225E+01 
       124  1.403694952E-02  1.772650166E-02 -2.960815360E-02 -3.316189517E+01 
       125  3.459719043E-02  1.842186411E-02 -2.959908823E-02 -3.082890799E+01 
       126  7.026080290E-02  3.709999844E-02 -2.953679571E-02 -5.007335646E+01 
       127  5.931214097E-02  3.501092241E-02 -2.943754899E-02 -4.974412935E+01 
       128  5.931533796E-02  3.709999844E-02 -2.935661209E-02 -5.378687022E+01 
       129  2.215506181E-02 -1.841212285E-02 -2.932017808E-02 -4.139567587E+01 
       130  8.119580459E-02  3.498096543E-02 -2.931969358E-02 -4.668970683E+01 
       131  2.621545328E-02 -1.847849124E-02 -2.931332536E-02 -3.979040480E+01 
       132  4.923403507E-02  1.314752365E-02 -2.928392041E-02 -3.449115544E+01 
       133  4.920323555E-02 -1.335311736E-02 -2.924619604E-02 -3.632033676E+01 
       134  8.117441753E-02  3.709999844E-02 -2.923909021E-02 -4.713504896E+01 
       135  1.865392404E-02  1.841662919E-02 -2.919919363E-02 -3.144650525E+01 
       136  4.232186631E-02 -1.926400669E-02 -2.913519800E-02 -4.197908531E+01 
       137  4.230856261E-02  1.939029346E-02 -2.903573872E-02 -3.226732915E+01 
       138  3.974655993E-02  1.936612853E-02 -2.903191016E-02 -3.134119390E+01 
       139  3.955004215E-02 -1.956734993E-02 -2.891391007E-02 -4.057315840E+01 
       140  6.507239823E-02  3.709999844E-02 -2.884645631E-02 -5.420055219E+01 
       141  4.961261521E-02  1.185306570E-02 -2.880809876E-02 -3.493136847E+01 
       142  4.749685094E-02  1.801465100E-02 -2.879851516E-02 -3.327043975E+01 
       143  4.963110309E-02 -1.182863398E-02 -2.874293860E-02 -3.682746408E+01 
       144  4.747083048E-02 -1.817311484E-02 -2.871573324E-02 -3.999601461E+01 
       145  5.707658718E-02  3.367643713E-02 -2.855464096E-02 -4.727379049E+01 
       146  8.314366109E-02  3.368958302E-02 -2.853534430E-02 -4.688049363E+01 
       147  8.317608796E-02  3.151749820E-02 -2.851596316E-02 -4.682138552E+01 
       148  5.696578564E-02  3.151749820E-02 -2.849545972E-02 -5.010973162E+01 
       149  7.325106135E-02  3.709999844E-02 -2.847449184E-02 -4.885493492E+01 
       150  4.851446570E-02  1.786067647E-02 -2.838839179E-02 -3.343278911E+01 
       151  4.849282044E-02 -1.804489809E-02 -2.829525774E-02 -3.754716563E+01 
       152  8.077772265E-02  3.709999844E-02 -2.821849393E-02 -4.744449595E+01 
       153  4.360560536E-02  2.072222177E-02 -2.811500997E-02 -3.217272307E+01 
       154  6.843625285E-02  3.709999844E-02 -2.808264776E-02 -5.159747469E+01 
       155  4.582869476E-02  2.056906563E-02 -2.790721434E-02 -3.267318918E+01 
       156  4.978273125E-03  2.049429489E-02 -2.786813516E-02 -3.487099589E+01 
       157  2.806457092E-02  2.084227156E-02 -2.786818486E-02 -2.910650907E+01 
       158  3.308519865E-02 -2.094219481E-02 -2.780670635E-02 -3.656159728E+01 
       159  5.994908255E-02  3.709999844E-02 -2.769914417E-02 -5.818334386E+01 
       160  4.434465549E-02 -2.115941827E-02 -2.762552008E-02 -4.184131515E+01 
       161  4.574269097E-02 -2.091985531E-02 -2.759370029E-02 -4.183840736E+01 
       162  5.009999871E-02  2.155832121E-03 -2.755698054E-02 -3.650086790E+01 
       163  5.009999871E-02 -2.156367711E-03 -2.755512992E-02 -3.698115038E+01 
       164  7.838742568E-02  3.709999844E-02 -2.754137642E-02 -4.782354179E+01 
       165  5.462978035E-02 -3.050000034E-02 -2.743942849E-02 -4.497601056E+01 
       166  5.462978035E-02 -2.794652693E-02 -2.743942849E-02 -4.258631223E+01 
       167  5.462978035E-02 -2.499299959E-02 -2.743942849E-02 -3.956620689E+01 
       168  5.462978035E-02 -2.252672436E-02 -2.743942849E-02 -3.786296798E+01 
       169  5.462978035E-02 -1.740953655E-02 -2.743942849E-02 -3.589594355E+01 
       170  5.462978035E-02 -1.243246264E-02 -2.743942849E-02 -3.592920323E+01 
       171  5.462978035E-02 -7.411677435E-03 -2.743942849E-02 -3.663891939E+01 
       172  5.462978035E-02 -2.314815061E-03 -2.743942849E-02 -3.676154668E+01 
       173  5.462978035E-02  2.836549072E-03 -2.743942849E-02 -3.625953366E+01 
       174  5.462978035E-02  8.026819938E-03 -2.743942849E-02 -3.515624994E+01 
       175  5.462978035E-02  1.321876260E-02 -2.743942849E-02 -3.339229420E+01 
       176  5.462978035E-02  1.841506973E-02 -2.743942849E-02 -3.098251648E+01 
       177  5.462978035E-02  2.362079609E-02 -2.743942849E-02 -2.871606640E+01 
       178  5.462978035E-02  2.906972083E-02 -2.743942849E-02 -2.915643050E+01 
       179  5.462978035E-02  3.151749820E-02 -2.743942849E-02 -3.943859266E+01 
       180  1.048142788E-02  2.123155847E-02 -2.731310575E-02 -3.283809008E+01 
       181  2.904113756E-02 -2.164768054E-02 -2.721050170E-02 -3.676122204E+01 
       182  5.009999871E-02  6.485797969E-03 -2.717657735E-02 -3.568625972E+01 
       183  5.009999871E-02 -6.478225700E-03 -2.716729429E-02 -3.688507851E+01 
       184  6.317289254E-02  3.709999844E-02 -2.715696366E-02 -5.586654832E+01 
       185  2.677900596E-03 -2.121939234E-02 -2.708497792E-02 -5.332303576E+01 
       186  1.412019564E-02 -2.137197243E-02 -2.707602167E-02 -4.750919053E+01 
       187  5.419066752E-02  3.500420053E-02 -2.703655493E-02 -4.259176459E+01 
       188  4.917734544E-02  1.729192023E-02 -2.703598925E-02 -3.336842471E+01 
       189  4.914408778E-02 -1.745172115E-02 -2.699730089E-02 -3.627151666E+01 
       190 -7.494541727E-19 -2.113538637E-02 -2.697856579E-02 -5.411329004E+01 
       191  5.421612169E-02  3.709999844E-02 -2.696188843E-02 -4.904642683E+01 
       192  1.931881793E-02 -2.156371306E-02 -2.695402836E-02 -4.324403276E+01 
       193  3.456157311E-02  2.208564755E-02 -2.689960439E-02 -2.957456247E+01 
       194  8.627426358E-02  3.496915636E-02 -2.684621322E-02 -4.766460390E+01 
       195  4.952436722E-02  1.629003623E-02 -2.678631715E-02 -3.365778054E+01 
       196  8.624613071E-02  3.709999844E-02 -2.676699612E-02 -4.687265327E+01 
       197  5.356578532E-02 -2.774649996E-02 -2.674149442E-02 -4.400425673E+01 
       198  4.954246020E-02 -1.625590441E-02 -2.673465122E-02 -3.575288347E+01 
       199  4.352962787E-02 -2.234540460E-02 -2.668932296E-02 -3.958439109E+01 
       200  3.855038854E-02 -2.245285903E-02 -2.666952821E-02 -3.606557367E+01 
       201  5.009999871E-02 -8.329233186E-07 -2.658926699E-02 -3.664856677E+01 
       202  2.064575417E-02  2.227078597E-02 -2.655528609E-02 -2.930781089E+01 
       203  5.327388013E-02  2.882796590E-02 -2.653001573E-02 -3.020183248E+01 
       204  5.319693041E-02  3.430874832E-02 -2.649107694E-02 -3.813830302E+01 
       205  3.787816625E-02  2.270456331E-02 -2.644164618E-02 -3.004235920E+01 
       206  5.009999871E-02  1.090210964E-02 -2.643279776E-02 -3.454169228E+01 
       207  5.009999871E-02 -1.090099276E-02 -2.641804105E-02 -3.616510974E+01 
       208  5.009999871E-02  5.053451838E-03 -2.638505742E-02 -3.600193193E+01 
       209  5.009999871E-02 -5.055181352E-03 -2.638013155E-02 -3.685241540E+01 
       210  4.256818972E-02  2.292146365E-02 -2.637574871E-02 -3.103759318E+01 
       211  5.292281346E-02  3.410035470E-02 -2.629187840E-02 -3.219975786E+01 
       212  8.590233282E-02  3.709999844E-02 -2.622895773E-02 -4.590355913E+01 
       213  5.285857169E-02  2.832837677E-03 -2.622601726E-02 -3.622439402E+01 
       214  5.285785159E-02  8.012518829E-03 -2.622552394E-02 -3.528626552E+01 
       215  5.285600090E-02 -2.314602451E-03 -2.622425608E-02 -3.666429746E+01 
       216  5.284266567E-02 -7.408245574E-03 -2.621512044E-02 -3.652909305E+01 
       217  5.283438388E-02  1.317836817E-02 -2.620944679E-02 -3.386249734E+01 
       218  5.282054142E-02 -1.240594014E-02 -2.619996366E-02 -3.583697559E+01 
       219  5.281951977E-02 -1.734393914E-02 -2.619926376E-02 -3.604990523E+01 
       220  5.281486732E-02  1.831134677E-02 -2.619607648E-02 -3.195357718E+01 
       221  3.261050150E-02  2.300347345E-02 -2.614014189E-02 -2.864056290E+01 
       222  3.589103714E-02 -2.307885667E-02 -2.612584719E-02 -3.344176008E+01 
       223  4.002267481E-02 -2.318700522E-02 -2.608286440E-02 -3.548235868E+01 
       224  2.484293458E-02  2.280586413E-02 -2.608296026E-02 -2.831561448E+01 
       225  5.259222155E-02  2.667715153E-02 -2.608206166E-02 -2.882083066E+01 
       226  3.848913431E-02  2.326375342E-02 -2.598460028E-02 -2.981819264E+01 
       227  5.238377500E-02 -2.932897190E-02 -2.592540860E-02 -4.619965601E+01 
       228  5.245785939E-02 -2.240250188E-02 -2.590674525E-02 -3.814124623E+01 
       229  8.253521736E-02  3.709999844E-02 -2.589472380E-02 -4.696962201E+01 
       230  5.238259589E-02 -3.050000034E-02 -2.588692242E-02 -4.521567819E+01 
       231  8.787591926E-02  3.372107086E-02 -2.585075226E-02 -4.829779206E+01 
       232  8.793577221E-02  3.151749820E-02 -2.581005875E-02 -4.768380608E+01 
       233  5.009999871E-02  1.008546781E-02 -2.577448534E-02 -3.497019450E+01 
       234  5.009999871E-02 -1.008699595E-02 -2.575627909E-02 -3.641935636E+01 
       235  5.213086381E-02  3.061516486E-02 -2.572989226E-02 -3.132921898E+01 
       236  4.878946862E-02  2.112113625E-02 -2.563079137E-02 -3.253920889E+01 
       237  4.750397577E-02  2.197822071E-02 -2.562950611E-02 -3.191867576E+01 
       238  5.203077383E-02 -2.357565098E-02 -2.560535911E-02 -4.052266262E+01 
       239  5.193919805E-02  1.506751887E-02 -2.559617713E-02 -3.318045628E+01 
       240  4.882424060E-02 -2.108857085E-02 -2.559432759E-02 -4.081613953E+01 
       241  5.191354501E-02  1.008546781E-02 -2.557860287E-02 -3.471725643E+01 
       242  5.190761868E-02 -1.506815043E-02 -2.557454289E-02 -3.570937007E+01 
       243  5.503697537E-02  3.709999844E-02 -2.557429749E-02 -5.879934567E+01 
       244  5.199392326E-02  2.164218580E-02 -2.557322290E-02 -3.066583994E+01 
       245  5.189562395E-02  5.053451838E-03 -2.556632559E-02 -3.585723036E+01 
       246  5.189463788E-02 -1.008699595E-02 -2.556565006E-02 -3.624183974E+01 
       247  5.188917592E-02 -8.329233186E-07 -2.556190820E-02 -3.652135869E+01 
       248  5.188810540E-02 -5.055181352E-03 -2.556117482E-02 -3.666855086E+01 
       249  4.780338491E-02 -2.184398149E-02 -2.554916814E-02 -4.303535265E+01 
       250  5.176408047E-02  3.709999844E-02 -2.554272539E-02 -4.503458981E+01 
       251  5.182336837E-02 -2.032243116E-02 -2.547536201E-02 -3.727832696E+01 
       252  5.175328500E-02  2.046622952E-02 -2.543068349E-02 -3.151258914E+01 
       253  5.784291345E-02  3.709999844E-02 -2.534047561E-02 -5.792056180E+01 
       254  2.822726885E-02 -2.393317685E-02 -2.522868928E-02 -3.434918831E+01 
       255  2.262844909E-03  2.399624679E-02 -2.500670943E-02 -3.426898597E+01 
       256 -7.494541727E-19  2.394298958E-02 -2.495637574E-02 -3.488971853E+01 
       257  5.098481808E-02  2.343104760E-02 -2.495073107E-02 -3.058242348E+01 
       258  4.936249101E-02 -1.989909280E-02 -2.492750791E-02 -3.865950321E+01 
       259  4.407762913E-02  2.451128814E-02 -2.488621689E-02 -3.092705579E+01 
       260  7.720498919E-02  3.709999844E-02 -2.482610090E-02 -4.826333336E+01 
       261  7.387833318E-02  3.709999844E-02 -2.470185055E-02 -4.910865257E+01 
       262  5.414525598E-02 -3.050000034E-02 -2.469155789E-02 -4.333893337E+01 
       263  4.442237503E-02 -2.453250691E-02 -2.463971522E-02 -3.730116614E+01 
       264  1.161541910E-02  2.447489301E-02 -2.454992540E-02 -3.083319339E+01 
       265  2.134425966E-02 -2.454984190E-02 -2.441783748E-02 -4.220458509E+01 
       266  5.009999871E-02 -1.509563161E-02 -2.433618717E-02 -3.592418045E+01 
       267  5.009999871E-02 -1.009337347E-02 -2.433618717E-02 -3.621321136E+01 
       268  5.009999871E-02 -5.056791433E-03 -2.433618717E-02 -3.662132639E+01 
       269  5.009999871E-02  7.430640451E-07 -2.433618717E-02 -3.648662520E+01 
       270  5.009999871E-02  5.060266470E-03 -2.433618717E-02 -3.586243323E+01 
       271  5.009999871E-02  1.010646105E-02 -2.433618717E-02 -3.481981581E+01 
       272  5.009999871E-02  1.510171149E-02 -2.433618717E-02 -3.362262909E+01 
       273  1.861356622E-02  2.476414196E-02 -2.431044286E-02 -2.830566260E+01 
       274  5.006794666E-02  2.515254223E-02 -2.428145549E-02 -3.010476625E+01 
       275  4.670067330E-02  2.389161347E-02 -2.425706389E-02 -3.135003165E+01 
       276  4.975652167E-02 -1.991521308E-02 -2.404582473E-02 -3.855531847E+01 
       277  4.972329572E-02  2.001290533E-02 -2.401673741E-02 -3.265466141E+01 
       278  4.736914972E-02 -2.406694774E-02 -2.390421113E-02 -4.371778571E+01 
       279  4.100037462E-02 -2.552889990E-02 -2.388483499E-02 -3.308321602E+01 
       280  4.589353359E-02 -2.493656581E-02 -2.387579819E-02 -4.021111894E+01 
       281  4.968504137E-02  3.029935413E-02 -2.385938882E-02 -2.924805458E+01 
       282  4.959467229E-02  2.536485357E-02 -2.385185732E-02 -3.017951343E+01 
       283  2.513529069E-02 -2.512160804E-02 -2.382732343E-02 -3.708100127E+01 
       284  6.912652242E-02  3.709999844E-02 -2.379781792E-02 -5.128127277E+01 
       285  4.952712090E-02 -2.495745017E-02 -2.377789007E-02 -4.273762849E+01 
       286  4.943176731E-02 -2.215830237E-02 -2.377128974E-02 -4.187812671E+01 
       287  4.935806617E-02  2.240777202E-02 -2.370701730E-02 -3.167803242E+01 
       288  4.958682018E-02  3.585527844E-02 -2.368643444E-02 -3.064638738E+01 
       289  4.962251245E-02  3.709999844E-02 -2.368205110E-02 -4.373165431E+01 
       290  1.096324559E-02 -2.505756975E-02 -2.365000091E-02 -5.325657988E+01 
       291  3.860683032E-02  2.566792314E-02 -2.363193121E-02 -2.898304508E+01 
       292  5.865870800E-03 -2.511979038E-02 -2.357538066E-02 -5.822936079E+01 
       293  4.927418789E-02 -2.798666804E-02 -2.353863536E-02 -4.455402911E+01 
       294  9.084261329E-02  3.492113859E-02 -2.349959997E-02 -4.676144859E+01 
       295  1.418537835E-02  2.543989229E-02 -2.348780151E-02 -2.887038677E+01 
       296  9.080991827E-02  3.709999844E-02 -2.341434986E-02 -4.457150886E+01 
       297  4.722903296E-02  2.434375696E-02 -2.341178618E-02 -3.084504266E+01 
       298  7.268132920E-02  3.709999844E-02 -2.335897160E-02 -4.993056075E+01 
       299  3.492477724E-02 -2.587055073E-02 -2.328225628E-02 -2.940045169E+01 
       300  4.250289497E-02  2.618302874E-02 -2.314044577E-02 -2.970533454E+01 
       301  8.693953714E-02  3.709999844E-02 -2.309443231E-02 -4.447484720E+01 
       302  3.841211308E-03  2.601751393E-02 -2.306994448E-02 -3.265838154E+01 
       303  6.401191248E-02  3.709999844E-02 -2.305659762E-02 -5.334320430E+01 
       304  4.875969684E-02  2.874547503E-02 -2.304809524E-02 -2.916267999E+01 
       305  3.196353209E-02  2.609351698E-02 -2.301864602E-02 -2.752347337E+01 
       306  8.151786676E-02  3.709999844E-02 -2.294889555E-02 -4.684305368E+01 
       307  4.851902447E-02 -2.424843890E-02 -2.291315021E-02 -4.312521349E+01 
       308  4.051265927E-02 -2.636277488E-02 -2.286222007E-02 -2.902076634E+01 
       309  4.841779896E-02  2.447841982E-02 -2.281588104E-02 -3.062101287E+01 
       310  2.689439220E-02  2.632798483E-02 -2.274004505E-02 -2.708356290E+01 
       311  4.845696040E-02 -3.050000034E-02 -2.272626297E-02 -4.078102654E+01 
       312  3.238718905E-02 -2.636562450E-02 -2.270935988E-02 -3.011159728E+01 
       313  4.836886901E-02 -2.896173026E-02 -2.269193192E-02 -4.315888254E+01 
       314  4.828898834E-02  3.420508890E-02 -2.257463109E-02 -2.862129394E+01 
       315  5.299097842E-02  3.709999844E-02 -2.257179479E-02 -5.632844856E+01 
       316  5.062197734E-02  3.709999844E-02 -2.249500643E-02 -5.598689830E+01 
       317  9.207246933E-02  3.376822944E-02 -2.239366936E-02 -4.637414049E+01 
       318  9.215483558E-02  3.151749820E-02 -2.232368432E-02 -5.843164978E+01 
       319  5.913614035E-02  3.709999844E-02 -2.227627480E-02 -5.385994150E+01 
       320  7.773825808E-03  2.666595960E-02 -2.227022882E-02 -3.071656185E+01 
       321  7.906464995E-02  3.709999844E-02 -2.226692606E-02 -4.778609187E+01 
       322  8.974223927E-02  3.709999844E-02 -2.225502963E-02 -4.345169902E+01 
       323  6.742385994E-02  3.709999844E-02 -2.225289260E-02 -5.169122644E+01 
       324  3.717233242E-02  2.679245575E-02 -2.224178160E-02 -2.801943320E+01 
       325  3.312457655E-02  2.692185104E-02 -2.205684871E-02 -2.727660856E+01 
       326  3.749167138E-02 -2.713356968E-02 -2.188866338E-02 -2.681438175E+01 
       327  4.530153381E-02 -2.701788619E-02 -2.175634131E-02 -3.643548943E+01 
       328  6.230469420E-02  3.709999844E-02 -2.168253974E-02 -5.267479809E+01 
       329  4.713796447E-02 -2.835583594E-02 -2.153930591E-02 -3.971411994E+01 
       330  4.715036821E-02  3.410442646E-02 -2.146440239E-02 -2.739644118E+01 
       331  5.011577820E-02 -3.050000034E-02 -2.133451266E-02 -3.860578528E+01 
       332  4.348724357E-02  2.779852634E-02 -2.114206160E-02 -2.894874315E+01 
       333  4.682228422E-02  2.884362794E-02 -2.112483656E-02 -2.843211264E+01 
       334  4.555324546E-02  2.770350720E-02 -2.106256093E-02 -2.969033725E+01 
       335  4.334844938E-02 -2.779778462E-02 -2.103500464E-02 -3.109998611E+01 
       336  4.665304457E-02 -2.742271044E-02 -2.094818787E-02 -3.832508882E+01 
       337  8.425341807E-02  3.709999844E-02 -2.086753585E-02 -4.511606190E+01 
       338  4.632501492E-02  2.784197223E-02 -2.057737731E-02 -2.896540242E+01 
       339  2.129193353E-02  2.799153305E-02 -2.052474438E-02 -2.649880059E+01 
       340  9.402208775E-02 -3.050000034E-02 -2.049350180E-02 -2.716471930E+01 
       341  9.402208775E-02 -2.811550883E-02 -2.049350180E-02 -3.181294173E+01 
       342  9.402208775E-02 -2.241430672E-02 -2.049350180E-02 -3.442627815E+01 
       343  9.402208775E-02 -1.581188534E-02 -2.049350180E-02 -3.665282968E+01 
       344  9.402208775E-02 -8.034279350E-03 -2.049350180E-02 -3.849994346E+01 
       345  9.402208775E-02  5.480213781E-04 -2.049350180E-02 -4.034799333E+01 
       346  9.402208775E-02  9.085618044E-03 -2.049350180E-02 -4.174316946E+01 
       347  9.402208775E-02  1.675911797E-02 -2.049350180E-02 -4.224340829E+01 
       348  9.402208775E-02  2.335137051E-02 -2.049350180E-02 -4.300288344E+01 
       349  9.402208775E-02  2.904299604E-02 -2.049350180E-02 -4.314322264E+01 
       350  9.402208775E-02  3.151749820E-02 -2.049350180E-02 -5.169209794E+01 
       351  4.607163594E-02  3.122663337E-02 -2.025603847E-02 -2.719318579E+01 
       352  2.484900672E-02  2.830339067E-02 -2.017643866E-02 -2.616763116E+01 
       353  3.877701547E-02  2.854206581E-02 -2.011985510E-02 -2.760672287E+01 
       354  4.252743890E-02  2.857949771E-02 -2.009386284E-02 -2.795017479E+01 
       355  9.023150688E-02  3.709999844E-02 -2.004415603E-02 -4.223371058E+01 
       356  3.762934515E-02 -2.868306168E-02 -1.992824359E-02 -2.402446363E+01 
       357  1.802666301E-02 -2.818448636E-02 -1.984517758E-02 -4.591478334E+01 
       358  4.574261964E-02  3.709999844E-02 -1.970388853E-02 -3.953950212E+01 
       359  4.567128362E-02  3.614235930E-02 -1.967906486E-02 -2.619896102E+01 
       360  5.708242035E-02  3.709999844E-02 -1.966492178E-02 -5.156726925E+01 
       361  5.505902665E-02  3.709999844E-02 -1.963425140E-02 -5.177139742E+01 
       362  4.917546655E-02  3.709999844E-02 -1.960829728E-02 -5.254760924E+01 
       363 -7.494541727E-19  2.870002992E-02 -1.958692291E-02 -3.217696484E+01 
       364  1.555336751E-03  2.878081368E-02 -1.957562030E-02 -3.139052077E+01 
       365  2.809713409E-03 -2.835723386E-02 -1.953410027E-02 -6.322621778E+01 
       366  1.431620889E-02  2.881608525E-02 -1.952174143E-02 -2.723119153E+01 
       367  2.647052026E-02 -2.871641920E-02 -1.952129358E-02 -3.516362058E+01 
       368  1.458341387E-02 -2.850430560E-02 -1.951511616E-02 -5.299631677E+01 
       369 -7.494541727E-19 -2.823077234E-02 -1.944729724E-02 -6.416887057E+01 
       370  5.031163519E-02 -3.050000034E-02 -1.944532162E-02 -3.506190408E+01 
       371  4.301270392E-02 -2.901244312E-02 -1.936431786E-02 -2.798596768E+01 
       372  9.477198715E-02  3.490340457E-02 -1.929812744E-02 -3.969083622E+01 
       373  7.779290227E-02  3.709999844E-02 -1.921566331E-02 -4.802278198E+01 
       374  9.472514983E-02  3.709999844E-02 -1.921116085E-02 -4.074986565E+01 
       375  3.048965655E-02 -2.906294053E-02 -1.916761291E-02 -3.022186907E+01 
       376  4.634618425E-02  3.709999844E-02 -1.912838506E-02 -5.080847820E+01 
       377  4.518278066E-02 -3.050000034E-02 -1.910991807E-02 -3.170983233E+01 
       378  5.315244641E-02 -3.050000034E-02 -1.906106047E-02 -3.560898883E+01 
       379  9.512958288E-02  2.884330611E-02 -1.894315660E-02 -4.253875547E+01 
       380  7.411420241E-02  3.709999844E-02 -1.889998370E-02 -4.939644837E+01 
       381  8.573066482E-03  2.925763199E-02 -1.881864544E-02 -2.885064529E+01 
       382  3.258973713E-02  2.942419012E-02 -1.870857101E-02 -2.623458214E+01 
       383  9.526043552E-02  3.430874832E-02 -1.870745635E-02 -3.920821294E+01 
       384  9.535926951E-02  2.318285482E-02 -1.855442831E-02 -4.234259448E+01 
       385  4.471934290E-02 -2.951270665E-02 -1.854551601E-02 -3.051444415E+01 
       386  9.537138850E-02 -1.568507483E-02 -1.845282352E-02 -3.694806599E+01 
       387  9.534430127E-02 -7.974617863E-03 -1.843598790E-02 -3.856619648E+01 
       388  9.362264366E-02  3.709999844E-02 -1.840784941E-02 -4.605859820E+01 
       389  9.542071386E-02  5.465658719E-04 -1.838700836E-02 -4.065193830E+01 
       390  4.128313370E-02 -2.973462286E-02 -1.831690509E-02 -2.441933808E+01 
       391  9.549206119E-02  1.666916989E-02 -1.828948882E-02 -4.204313683E+01 
       392  9.549195738E-02  9.028748845E-03 -1.826078604E-02 -4.196786393E+01 
       393  9.553122129E-02 -2.223643249E-02 -1.824830062E-02 -3.615937635E+01 
       394  4.930179155E-02 -3.050000034E-02 -1.816884726E-02 -3.086932274E+01 
       395  6.805306635E-02  3.709999844E-02 -1.816085721E-02 -5.049253810E+01 
       396  2.604018063E-02  2.975499822E-02 -1.814316677E-02 -2.526514208E+01 
       397  9.563651498E-02 -2.786466480E-02 -1.804691446E-02 -3.537819168E+01 
       398  8.435049637E-02  3.709999844E-02 -1.804448559E-02 -4.489938388E+01 
       399  1.811695181E-02  2.981985020E-02 -1.804085392E-02 -2.596911084E+01 
       400  9.566468817E-02 -3.050000034E-02 -1.800421934E-02 -2.408360102E+01 
       401  9.356352379E-02 -3.050000034E-02 -1.789285461E-02 -2.090443791E+01 
       402  3.787200548E-02  3.001848012E-02 -1.779838405E-02 -2.667552333E+01 
       403  4.304426256E-02  3.007665387E-02 -1.779318943E-02 -2.697314208E+01 
       404  4.419162684E-02  3.137636531E-02 -1.777718105E-02 -2.604551434E+01 
       405  4.686015267E-02 -3.050000034E-02 -1.775642259E-02 -2.764990834E+01 
       406  1.092829859E-02  2.996136384E-02 -1.771718388E-02 -2.722074232E+01 
       407  9.604884322E-02  3.325797376E-02 -1.761193456E-02 -4.022037210E+01 
       408  9.485612582E-02 -3.050000034E-02 -1.753195982E-02 -1.570207146E+01 
       409  9.601990558E-02 -2.710848709E-02 -1.748538708E-02 -4.019333038E+01 
       410  4.394946140E-02  3.028154974E-02 -1.741911730E-02 -2.658826313E+01 
       411  9.619315668E-02  2.609499709E-02 -1.738960017E-02 -4.263342483E+01 
       412  4.119996084E-02 -3.039190059E-02 -1.730236989E-02 -2.335381593E+01 
       413  3.517580360E-02 -3.019492096E-02 -1.730035874E-02 -2.346218772E+01 
       414  6.260166559E-02  3.709999844E-02 -1.727346073E-02 -5.030599663E+01 
       415  2.995136871E-02  3.029841936E-02 -1.718669802E-02 -2.537889205E+01 
       416  4.368977621E-02 -3.050000034E-02 -1.716828533E-02 -2.516970561E+01 
       417  3.209121200E-02 -3.031526293E-02 -1.713977185E-02 -2.702875984E+01 
       418  9.636016883E-02  1.936666468E-02 -1.702909970E-02 -4.229854411E+01 
       419  3.574795713E-02  3.046292865E-02 -1.700636274E-02 -2.610104074E+01 
       420  3.982007232E-03  3.050386802E-02 -1.694824572E-02 -2.943489046E+01 
       421  2.277131450E-02 -3.039225705E-02 -1.693509376E-02 -4.092032033E+01 
       422  9.640412100E-02 -2.015699982E-02 -1.692232641E-02 -3.840181199E+01 
       423  9.649878328E-02  3.709999844E-02 -1.692141091E-02 -4.284850434E+01 
       424  8.730500864E-02  3.709999844E-02 -1.689768460E-02 -4.272076623E+01 
       425  7.236681435E-02  3.709999844E-02 -1.683871834E-02 -4.953988265E+01 
       426  4.351580778E-02  3.409599162E-02 -1.679638898E-02 -2.509393326E+01 
       427  9.657093985E-02  1.214441291E-02 -1.664122573E-02 -4.269934749E+01 
       428  9.656180429E-02 -1.229430407E-02 -1.659424656E-02 -3.882936999E+01 
       429  4.114126636E-02 -3.078162289E-02 -1.652666889E-02 -2.141803272E+01 
       430  5.132637853E-02  3.709999844E-02 -1.648834827E-02 -4.881940408E+01 
       431  9.673078221E-02  4.229351907E-03 -1.639806125E-02 -4.221057889E+01 
       432  5.300851052E-02  3.709999844E-02 -1.639163360E-02 -4.896121696E+01 
       433  9.670441243E-02 -4.105440684E-03 -1.638787114E-02 -4.057206924E+01 
       434  4.042621556E-02  3.092886270E-02 -1.628297070E-02 -2.614682009E+01 
       435  5.950248167E-02  3.709999844E-02 -1.628203633E-02 -4.950729433E+01 
       436  6.514954769E-02  3.709999844E-02 -1.595372178E-02 -4.970844095E+01 
       437  9.710394484E-02  3.345491008E-02 -1.592086972E-02 -3.973881184E+01 
       438  8.078878990E-02  3.709999844E-02 -1.580673166E-02 -4.683626024E+01 
       439  1.845000040E-02  3.117726207E-02 -1.558509866E-02 -2.491169952E+01 
       440  4.590105571E-02  3.709999844E-02 -1.558415748E-02 -4.747538765E+01 
       441  3.702829747E-03  3.127957701E-02 -1.545627331E-02 -2.855918296E+01 
       442  4.277262733E-02  3.709999844E-02 -1.541029763E-02 -3.463829066E+01 
       443  1.196314792E-02 -3.099000618E-02 -1.531966820E-02 -5.626229036E+01 
       444  4.265740488E-02  3.478269398E-02 -1.529974020E-02 -2.454447583E+01 
       445  5.867248910E-03 -3.093537179E-02 -1.525450286E-02 -6.300674385E+01 
       446  3.748945299E-02 -3.142077658E-02 -1.522782118E-02 -2.139056101E+01 
       447  9.357457947E-02  3.709999844E-02 -1.516977410E-02 -4.714621363E+01 
       448  1.133805158E-02  3.149326191E-02 -1.505524450E-02 -2.593672157E+01 
       449  4.368977621E-02 -3.157964051E-02 -1.487112320E-02 -2.307401359E+01 
       450  4.274365612E-02 -3.159377081E-02 -1.486101995E-02 -2.112939077E+01 
       451  4.368977621E-02 -3.050000034E-02 -1.484028703E-02 -2.376663481E+01 
       452  2.407696021E-02  3.158614834E-02 -1.474950057E-02 -2.444702787E+01 
       453  4.368977621E-02 -3.129945060E-02 -1.472269279E-02 -2.384661654E+01 
       454  4.493898744E-02 -3.050000034E-02 -1.472269279E-02 -2.444837756E+01 
       455  4.391574824E-02  3.709999844E-02 -1.459137123E-02 -4.503714109E+01 
       456  3.108283000E-02 -3.168579051E-02 -1.456894512E-02 -2.785569785E+01 
       457  5.859980906E-02  3.709999844E-02 -1.449448387E-02 -4.820584074E+01 
       458 -7.494541727E-19  3.172054824E-02 -1.440856070E-02 -2.953630810E+01 
       459  1.686612535E-03  3.175568461E-02 -1.431987797E-02 -2.873296965E+01 
       460  2.305170816E-02 -3.170606342E-02 -1.431317793E-02 -4.004170608E+01 
       461  4.208064946E-02  3.421134688E-02 -1.429661094E-02 -2.421417162E+01 
       462  5.454829902E-02  3.709999844E-02 -1.426441343E-02 -4.753295274E+01 
       463  2.058246224E-02  3.180698175E-02 -1.417159408E-02 -2.424732285E+01 
       464  4.884276323E-02  3.709999844E-02 -1.416820217E-02 -4.647207185E+01 
       465  9.805565519E-02  2.671138578E-02 -1.415373969E-02 -4.305996630E+01 
       466  4.052630104E-02  3.195835478E-02 -1.409159663E-02 -2.539721176E+01 
       467  3.559450421E-02  3.195069419E-02 -1.408199817E-02 -2.547512002E+01 
       468  9.799290031E-02  3.566052107E-02 -1.403060695E-02 -3.909132936E+01 
       469  9.796209180E-02  3.709999844E-02 -1.397973805E-02 -4.470472081E+01 
       470  3.062258936E-02  3.201762636E-02 -1.395116570E-02 -2.485858421E+01 
       471  8.867657254E-02  3.709999844E-02 -1.375249758E-02 -4.214101072E+01 
       472  4.185005941E-02  3.210982762E-02 -1.372806527E-02 -2.484331813E+01 
       473  5.070414606E-02 -3.050000034E-02 -1.370490584E-02 -2.759147896E+01 
       474  9.537365658E-02 -3.050000034E-02 -1.369976418E-02 -1.338533683E+01 
       475  8.046326321E-02  3.709999844E-02 -1.366544472E-02 -4.733309650E+01 
       476  1.482511139E-02  3.216071905E-02 -1.352581447E-02 -2.489485567E+01 
       477  5.216981428E-02 -3.050000034E-02 -1.348827896E-02 -2.731806028E+01 
       478  7.289377547E-02  3.709999844E-02 -1.334192452E-02 -4.908662596E+01 
       479  6.009518970E-03  3.224859767E-02 -1.331584708E-02 -2.707708724E+01 
       480  9.447410712E-03  3.227746124E-02 -1.327624031E-02 -2.614529118E+01 
       481  9.842746243E-02 -2.037077399E-02 -1.327153070E-02 -4.222068473E+01 
       482  9.849069447E-02  2.899882457E-02 -1.320415610E-02 -4.323596048E+01 
       483  9.595702822E-02  3.709999844E-02 -1.301788082E-02 -4.882785344E+01 
       484  3.378864220E-02  3.242694758E-02 -1.293689657E-02 -2.498625039E+01 
       485  3.848662777E-02  3.246064619E-02 -1.289497752E-02 -2.513789622E+01 
       486  2.664485565E-02 -3.234597588E-02 -1.274526106E-02 -3.300475977E+01 
       487  2.564818092E-02  3.252783471E-02 -1.273489900E-02 -2.404466118E+01 
       488  3.757019867E-02 -3.252181391E-02 -1.269975095E-02 -2.034909299E+01 
       489  9.859737687E-02 -2.747883749E-02 -1.265463142E-02 -4.720227236E+01 
       490  9.867392757E-02  1.999935828E-02 -1.263515102E-02 -4.363653408E+01 
       491  9.855266805E-02 -3.050000034E-02 -1.260551312E-02 -2.784445453E+01 
       492  2.904551407E-02  3.263389515E-02 -1.246440646E-02 -2.431494601E+01 
       493  9.865620836E-02 -1.262168456E-02 -1.237173928E-02 -4.163553088E+01 
       494  6.547291654E-02  3.709999844E-02 -1.226832648E-02 -4.890677073E+01 
       495  4.112920282E-02 -3.275417649E-02 -1.216607947E-02 -1.986825060E+01 
       496  9.255227766E-02 -3.050000034E-02 -1.215778965E-02 -2.273901285E+01 
       497  4.655094313E-02 -3.050000034E-02 -1.199672261E-02 -2.368346712E+01 
       498  4.891679864E-02 -3.050000034E-02 -1.189399554E-02 -2.461734901E+01 
       499  9.899701809E-02 -4.282793657E-03 -1.179374638E-02 -4.287710958E+01 
       500  9.900106472E-02  1.249983505E-02 -1.176553483E-02 -4.442300050E+01 
       501  9.910831874E-02  4.232451521E-03 -1.162991200E-02 -4.444829712E+01 
       502  8.795126901E-02  3.709999844E-02 -1.157051242E-02 -4.424454375E+01 
       503  9.914300649E-02  2.269181098E-02 -1.155399349E-02 -4.395528875E+01 
       504  4.911066096E-02  3.709999844E-02 -1.145846546E-02 -4.556294462E+01 
       505  7.641905222E-02  3.709999844E-02 -1.142934801E-02 -4.866287729E+01 
       506  4.380270160E-02  3.709999844E-02 -1.128190273E-02 -4.254155720E+01 
       507  3.371913592E-02 -3.298878221E-02 -1.126498809E-02 -2.431446642E+01 
       508  3.612448703E-02 -3.301108081E-02 -1.123004735E-02 -2.112265699E+01 
       509  5.988574638E-02  3.709999844E-02 -1.119169079E-02 -4.786803156E+01 
       510  9.929347750E-02 -2.590186880E-02 -1.112526221E-02 -4.671373748E+01 
       511  1.466677297E-02 -3.281508212E-02 -1.100484649E-02 -4.985818559E+01 
       512  5.359665632E-02  3.709999844E-02 -1.099143424E-02 -4.708382854E+01 
       513  4.068383381E-02  3.709999844E-02 -1.097355493E-02 -3.202730644E+01 
       514  5.007859711E-02  3.709999844E-02 -1.087251944E-02 -4.687698123E+01 
       515  4.055680379E-02  3.571120615E-02 -1.070108958E-02 -2.451888597E+01 
       516  9.942965187E-02 -1.692157128E-02 -1.058841966E-02 -4.243990216E+01 
       517  6.908252312E-02  3.709999844E-02 -1.058727985E-02 -4.925163939E+01 
       518  1.896536240E-02 -3.297693940E-02 -1.054942014E-02 -4.325176365E+01 
       519  1.504945549E-02  3.334021836E-02 -1.034692870E-02 -2.468585537E+01 
       520  8.415431369E-02  3.709999844E-02 -1.033980229E-02 -4.666609780E+01 
       521  9.955669838E-02  1.560724044E-02 -1.028731845E-02 -4.480985397E+01 
       522  2.021332894E-02  3.337148642E-02 -1.022781423E-02 -2.399918552E+01 
       523  4.189950285E-02  3.709999844E-02 -1.021139549E-02 -3.952275074E+01 
       524  6.248117182E-02  3.709999844E-02 -1.019696169E-02 -4.836878467E+01 
       525  2.843739675E-03 -3.291070975E-02 -1.015994679E-02 -5.788078959E+01 
       526  5.131282120E-02  3.709999844E-02 -1.012537438E-02 -4.766109487E+01 
       527 -7.494541727E-19 -3.275354608E-02 -1.011427227E-02 -5.818039182E+01 
       528  4.228244611E-02 -3.343456671E-02 -1.011263610E-02 -1.922915096E+01 
       529  4.368977621E-02 -3.340865620E-02 -1.009880310E-02 -2.160807306E+01 
       530  4.631160629E-02  3.709999844E-02 -1.005513438E-02 -4.422972052E+01 
       531  9.970280903E-02  3.025713264E-02 -1.005482194E-02 -4.391102427E+01 
       532  4.368977621E-02 -3.158608634E-02 -9.967736741E-03 -2.308488316E+01 
       533  4.368977621E-02 -3.050000034E-02 -9.911701274E-03 -2.231213903E+01 
       534  3.394746147E-02  3.350948141E-02 -9.892603697E-03 -2.483970689E+01 
       535  1.019508846E-02  3.350215873E-02 -9.878393614E-03 -2.583263984E+01 
       536  3.861270787E-02  3.350589131E-02 -9.864200147E-03 -2.482014249E+01 
       537  5.132225729E-03  3.350123202E-02 -9.837770671E-03 -2.732789881E+01 
       538  4.481871491E-02 -3.050000034E-02 -9.833021188E-03 -2.219237117E+01 
       539  9.964565686E-02 -8.651160771E-03 -9.816786396E-03 -4.293830003E+01 
       540 -7.494541727E-19  3.349767470E-02 -9.792583614E-03 -2.904649724E+01 
       541  2.471469467E-02  3.353801285E-02 -9.767415172E-03 -2.394754929E+01 
       542  9.551116004E-02  3.709999844E-02 -9.737507987E-03 -4.494338427E+01 
       543  4.368977621E-02 -3.215569075E-02 -9.727841959E-03 -2.299106847E+01 
       544  4.019190163E-02  3.478221512E-02 -9.652412417E-03 -2.466342889E+01 
       545  2.958508035E-02  3.359386410E-02 -9.647138131E-03 -2.436258317E+01 
       546  9.982861553E-02  7.920265408E-03 -9.570195662E-03 -4.546190723E+01 
       547  1.633569111E-03  3.356544206E-02 -9.561447148E-03 -2.853664932E+01 
       548  4.017024662E-02  3.359536801E-02 -9.525109584E-03 -2.450298718E+01 
       549  9.988245709E-02 -3.662017166E-04 -9.486805829E-03 -4.457142628E+01 
       550  9.984641584E-02  3.389874236E-02 -9.457419077E-03 -4.132373595E+01 
       551  4.013496523E-02  3.437324577E-02 -9.414204239E-03 -2.442885310E+01 
       552  1.726526235E-02  3.368966548E-02 -9.108797490E-03 -2.437696411E+01 
       553  1.000830884E-01 -2.596824249E-02 -9.072732163E-03 -4.771972439E+01 
       554  2.467344396E-03  3.373095579E-02 -8.994398727E-03 -2.832453879E+01 
       555  5.658406614E-02  3.709999844E-02 -8.895687763E-03 -4.755698933E+01 
       556  2.219503485E-02  3.377119795E-02 -8.882354636E-03 -2.402325837E+01 
       557  1.233409013E-02  3.377919725E-02 -8.875700529E-03 -2.535876549E+01 
       558  3.697945612E-02  3.383166384E-02 -8.713663819E-03 -2.487648198E+01 
       559  3.205169551E-02  3.388504760E-02 -8.545119334E-03 -2.467532921E+01 
       560  2.777197663E-02 -3.380159324E-02 -8.522315442E-03 -3.054006474E+01 
       561  9.708715036E-02 -3.050000034E-02 -8.387648081E-03 -2.036110040E+01 
       562  3.972644359E-02  3.709999844E-02 -8.348473348E-03 -2.955956524E+01 
       563  4.187227928E-02  3.709999844E-02 -8.348473348E-03 -3.755610812E+01 
       564  4.407256210E-02  3.709999844E-02 -8.348473348E-03 -4.269478301E+01 
       565  4.641091792E-02  3.709999844E-02 -8.348473348E-03 -4.457261961E+01 
       566  4.855065048E-02  3.709999844E-02 -8.348473348E-03 -4.810046276E+01 
       567  9.101314296E-02  3.709999844E-02 -8.325899428E-03 -4.298761320E+01 
       568  9.477354308E-02 -3.050000034E-02 -8.278296492E-03 -2.484434262E+01 
       569  5.018632365E-02 -3.050000034E-02 -8.143621859E-03 -2.268477301E+01 
       570  3.159627771E-02 -3.390176653E-02 -8.110772158E-03 -2.548859514E+01 
       571  3.965277172E-02  3.674501414E-02 -8.060046362E-03 -2.534397029E+01 
       572  5.119721080E-02 -3.050000034E-02 -7.972369752E-03 -2.262277980E+01 
       573  7.647931077E-02  3.709999844E-02 -7.881685612E-03 -4.950638753E+01 
       574  3.785976909E-02 -3.402939261E-02 -7.819901113E-03 -1.950286049E+01 
       575  4.071642015E-02 -3.404133981E-02 -7.786419612E-03 -1.827830452E+01 
       576  1.003957923E-01  2.401411698E-02 -7.583134641E-03 -4.488962873E+01 
       577  1.003202879E-01  3.545776887E-02 -7.517204389E-03 -4.111155908E+01 
       578  1.002715887E-01  3.709999844E-02 -7.487451514E-03 -4.368674787E+01 
       579 -7.494541727E-19  3.424296901E-02 -7.240102626E-03 -2.926860203E+01 
       580  2.475147217E-03  3.424296901E-02 -7.240102626E-03 -2.840592852E+01 
       581  7.426780460E-03  3.424296901E-02 -7.240102626E-03 -2.677469164E+01 
       582  1.236968310E-02  3.424296901E-02 -7.240102626E-03 -2.540097705E+01 
       583  1.728554708E-02  3.424296901E-02 -7.240102626E-03 -2.455961414E+01 
       584  2.218148150E-02  3.424296901E-02 -7.240102626E-03 -2.415354257E+01 
       585  2.710678289E-02  3.424296901E-02 -7.240102626E-03 -2.429190583E+01 
       586  3.201883121E-02  3.424296901E-02 -7.240102626E-03 -2.470915812E+01 
       587  3.689647471E-02  3.424296901E-02 -7.240102626E-03 -2.483557131E+01 
       588  3.944333643E-02  3.424296901E-02 -7.240102626E-03 -2.468392767E+01 
       589  1.726526235E-02  3.496044688E-02 -7.240102626E-03 -2.451981368E+01 
       590  7.401407618E-03  3.496864022E-02 -7.240102626E-03 -2.687190484E+01 
       591  3.944333643E-02  3.497490771E-02 -7.240102626E-03 -2.470142290E+01 
       592  3.205169551E-02  3.497799648E-02 -7.240102626E-03 -2.475193234E+01 
       593  3.697945612E-02  3.498941474E-02 -7.240102626E-03 -2.486564366E+01 
       594  1.231962941E-02  3.501016721E-02 -7.240102626E-03 -2.567525139E+01 
       595 -7.494541727E-19  3.506530401E-02 -7.240102626E-03 -2.925473004E+01 
       596 -7.494541727E-19  3.573586047E-02 -7.240102626E-03 -2.930634912E+01 
       597  2.367984049E-03  3.573586047E-02 -7.240102626E-03 -2.846771007E+01 
       598  7.325275251E-03  3.573586047E-02 -7.240102626E-03 -2.695498217E+01 
       599  1.229194646E-02  3.573586047E-02 -7.240102626E-03 -2.558019836E+01 
       600  1.721099647E-02  3.573586047E-02 -7.240102626E-03 -2.470808260E+01 
       601  2.211165548E-02  3.573586047E-02 -7.240102626E-03 -2.425193105E+01 
       602  2.701870682E-02  3.573586047E-02 -7.240102626E-03 -2.432587691E+01 
       603  3.196995871E-02  3.573586047E-02 -7.240102626E-03 -2.472450837E+01 
       604  3.692341283E-02  3.573586047E-02 -7.240102626E-03 -2.506492660E+01 
       605  3.944333643E-02  3.573586047E-02 -7.240102626E-03 -2.486297870E+01 
       606  4.622451332E-02 -3.050000034E-02 -7.016770297E-03 -2.114896767E+01 
       607  9.819248289E-02  3.709999844E-02 -7.001392954E-03 -4.602756818E+01 
       608  1.005487039E-01 -1.761255189E-02 -6.906313746E-03 -4.348296532E+01 
       609  4.863160999E-02 -3.050000034E-02 -6.885193977E-03 -2.099156866E+01 
       610  1.005695106E-01  2.735866592E-02 -6.703529197E-03 -4.464356417E+01 
       611  8.324636103E-02  3.709999844E-02 -6.613249443E-03 -4.824815090E+01 
       612  5.096856095E-02  3.709999844E-02 -6.407748840E-03 -4.810952441E+01 
       613  5.655731455E-02  3.709999844E-02 -6.216753549E-03 -4.780092718E+01 
       614  9.150223265E-02 -3.050000034E-02 -6.202682566E-03 -2.994575852E+01 
       615  6.958354966E-02  3.709999844E-02 -6.180315246E-03 -4.965842212E+01 
       616  1.006263390E-01 -2.877485788E-02 -6.107986040E-03 -4.921605679E+01 
       617  6.275255548E-02  3.709999844E-02 -6.106824123E-03 -4.858867517E+01 
       618  4.942139119E-02  3.709999844E-02 -6.078425792E-03 -4.925655766E+01 
       619  1.005305494E-01 -3.050000034E-02 -6.061289289E-03 -3.560992135E+01 
       620  9.263168396E-02 -3.050000034E-02 -5.973356980E-03 -2.902151688E+01 
       621  9.962763178E-02 -3.050000034E-02 -5.914351262E-03 -2.373723132E+01 
       622  2.159142690E-02 -3.432874780E-02 -5.680968586E-03 -3.546847237E+01 
       623  5.848095191E-03 -3.403445484E-02 -5.652991640E-03 -4.718856968E+01 
       624  1.114047775E-02 -3.411851344E-02 -5.572640526E-03 -4.450006235E+01 
       625  2.548064815E-02 -3.431564965E-02 -5.565501645E-03 -3.029654951E+01 
       626  1.009009138E-01 -2.097561094E-02 -5.448617740E-03 -4.424761392E+01 
       627  7.973236791E-02  3.709999844E-02 -5.429407348E-03 -4.973047720E+01 
       628  3.311037140E-02 -3.444468086E-02 -5.367440498E-03 -2.245057720E+01 
       629  3.611567678E-02 -3.447523815E-02 -5.335716558E-03 -1.969187173E+01 
       630  4.224558411E-02 -3.454440908E-02 -5.143525367E-03 -1.728837083E+01 
       631  4.368977621E-02 -3.451541496E-02 -5.137258720E-03 -1.987077162E+01 
       632  4.368977621E-02 -3.232090457E-02 -5.081805822E-03 -2.186114444E+01 
       633  7.232821740E-02  3.709999844E-02 -5.013744725E-03 -5.033351608E+01 
       634  4.368977621E-02 -3.050000034E-02 -4.982023031E-03 -2.094093616E+01 
       635  4.460550892E-02 -3.050000034E-02 -4.945203697E-03 -2.026116625E+01 
       636  1.007954806E-01  1.659792841E-02 -4.911722493E-03 -4.603846951E+01 
       637  4.368977621E-02 -3.263401903E-02 -4.860846056E-03 -2.198794647E+01 
       638  5.340740769E-02  3.709999844E-02 -4.664743468E-03 -4.789412873E+01 
       639  1.008126451E-01 -9.240712095E-03 -4.626538712E-03 -4.421176186E+01 
       640  1.010159501E-01 -4.840772866E-04 -4.445297244E-03 -4.561548682E+01 
       641  1.009869812E-01  8.141063346E-03 -4.396100026E-03 -4.633483274E+01 
       642  9.010934419E-02  3.709999844E-02 -4.315685384E-03 -4.558261937E+01 
       643  5.941033922E-02  3.709999844E-02 -4.274124419E-03 -4.831774619E+01 
       644  6.622676624E-02  3.709999844E-02 -4.087921200E-03 -4.955675853E+01 
       645  1.009702242E-01  1.994756476E-02 -3.751039203E-03 -4.580135693E+01 
       646  9.724449470E-02  3.709999844E-02 -3.596060423E-03 -4.460677365E+01 
       647  1.010615452E-01  2.907023531E-02 -3.396015008E-03 -4.514697976E+01 
       648  8.643342852E-02  3.709999844E-02 -3.311582788E-03 -4.829453640E+01 
       649  1.010389808E-01 -1.330926484E-02 -3.065219898E-03 -4.394727828E+01 
       650  1.010816665E-01  3.303236481E-02 -3.043696870E-03 -4.346731493E+01 
       651  3.152751856E-02 -3.471161181E-02 -2.777644896E-03 -2.208423492E+01 
       652  4.934297503E-02 -3.050000034E-02 -2.623814994E-03 -1.979219321E+01 
       653  4.069383349E-02 -3.482170211E-02 -2.565717084E-03 -1.663496298E+01 
       654  3.783216858E-02 -3.481475957E-02 -2.561221312E-03 -1.791423029E+01 
       655  5.050167719E-02 -3.050000034E-02 -2.527441337E-03 -1.976179272E+01 
       656  2.760287922E-02 -3.472970799E-02 -2.510993822E-03 -2.463528470E+01 
       657  9.437514715E-02 -3.050000034E-02 -2.478866171E-03 -3.046656437E+01 
       658  9.752456221E-02 -3.050000034E-02 -2.290242817E-03 -2.838785502E+01 
       659  9.254142146E-02  3.709999844E-02 -2.238732024E-03 -4.484068839E+01 
       660  1.011713606E-01  1.221522117E-02 -2.138579099E-03 -4.653471321E+01 
       661  1.012584008E-01  3.666504560E-03 -2.036278533E-03 -4.635624440E+01 
       662  1.012119872E-01 -5.158911062E-03 -1.902176083E-03 -4.519810914E+01 
       663  1.013084913E-01 -2.222892756E-02 -1.768814893E-03 -4.478351794E+01 
       664  5.319387799E-02  3.709999844E-02 -1.670092102E-03 -4.828433407E+01 
       665  5.915373860E-02  3.709999844E-02 -1.308917129E-03 -4.875643355E+01 
       666  7.878994098E-02  3.709999844E-02 -1.197106763E-03 -5.114100461E+01 
       667  1.012398646E-01 -2.678575064E-02 -1.186983537E-03 -4.765610774E+01 
       668  4.698979587E-02 -3.050000034E-02 -1.166440427E-03 -1.931820354E+01 
       669  5.147275950E-02  3.709999844E-02 -1.092554132E-03 -4.828820409E+01 
       670  7.373688871E-02  3.709999844E-02 -7.708082633E-04 -5.130726564E+01 
       671  1.874212457E-02 -3.465389145E-02 -7.613376895E-04 -2.905121327E+01 
       672  8.540421768E-02  3.709999844E-02 -5.171952839E-04 -5.005936930E+01 
       673  1.440806274E-02 -3.465020724E-02 -5.121251892E-04 -3.164152606E+01 
       674  9.042910393E-02 -3.050000034E-02 -1.166631932E-04 -3.463078255E+01 
       675  6.594684538E-02  3.709999844E-02 -1.126496491E-04 -4.996472817E+01 
       676  4.224803241E-02 -3.492140564E-02 -6.586124628E-05 -1.653164374E+01 
       677  4.368977621E-02 -3.488999276E-02 -6.542411703E-05 -1.981970097E+01 
       678  4.368977621E-02 -3.275945958E-02 -6.455263453E-05 -2.213022526E+01 
       679  4.654133855E-02 -3.050000034E-02 -5.790825986E-05 -1.957861133E+01 
       680  4.368977621E-02 -3.050000034E-02 -4.332275641E-05 -2.053712448E+01 
       681 -7.494541727E-19 -3.429746463E-02  3.811300366E-05 -3.472789737E+01 
       682  2.806665073E-03 -3.446236951E-02  4.791125079E-05 -3.448423951E+01 
       683  9.999516577E-02  3.709999844E-02  1.458432807E-04 -4.532477137E+01 
       684  1.011965747E-01  3.526501560E-02  1.508139043E-04 -4.372570245E+01 
       685  1.011210641E-01  3.709999844E-02  1.569013055E-04 -4.436362897E+01 
       686  9.207223516E-02 -3.050000034E-02  1.597304484E-04 -3.373127047E+01 
       687  1.012352639E-01  2.169710006E-02  1.596588295E-04 -4.627604414E+01 
       688  5.565611814E-02  3.709999844E-02  2.858054215E-04 -4.863178715E+01 
       689  8.022597288E-02  3.709999844E-02  4.833824738E-04 -5.142657764E+01 
       690  1.012247780E-01  2.641713677E-02  5.875506831E-04 -4.590466567E+01 
       691  3.346457654E-02 -3.480572252E-02  6.787186137E-04 -1.885407385E+01 
       692  3.600127117E-02 -3.484308203E-02  7.056193923E-04 -1.757085053E+01 
       693  7.290225140E-02  3.709999844E-02  7.235061556E-04 -5.150527587E+01 
       694  1.012898414E-01 -1.470848771E-02  9.728653502E-04 -4.447297801E+01 
       695  6.202024131E-02  3.709999844E-02  1.275186663E-03 -4.945748491E+01 
       696  4.700554272E-02 -3.050000034E-02  1.323993813E-03 -1.979506690E+01 
       697  9.963539176E-02 -3.050000034E-02  1.336609677E-03 -3.063800995E+01 
       698  1.011414499E-01 -2.855204204E-02  1.399128807E-03 -4.820064453E+01 
       699  1.010549940E-01 -3.050000034E-02  1.408161660E-03 -3.986018275E+01 
       700  6.785309645E-02  3.709999844E-02  1.581985907E-03 -5.076317610E+01 
       701  1.012535863E-01 -1.982883908E-02  1.628092920E-03 -4.455967731E+01 
       702  2.633716479E-02 -3.467657775E-02  1.775548423E-03 -2.081556402E+01 
       703  1.012810213E-01  1.244294591E-02  1.778775787E-03 -4.681570917E+01 
       704  1.012899382E-01 -5.186346426E-03  1.789220901E-03 -4.587981059E+01 
       705  4.100357623E-02 -3.485903159E-02  2.205383247E-03 -1.703523936E+01 
       706  9.242048696E-02  3.709999844E-02  2.217631072E-03 -4.660999607E+01 
       707  3.759519471E-02 -3.479938071E-02  2.665922060E-03 -1.692690925E+01 
       708  5.068859831E-02 -3.050000034E-02  2.846975549E-03 -2.008512584E+01 
       709  8.709099119E-02  3.709999844E-02  2.993079634E-03 -5.038562303E+01 
       710  4.963380292E-02 -3.050000034E-02  3.001898296E-03 -2.009660814E+01 
       711  5.538774966E-02  3.709999844E-02  3.015618304E-03 -4.887593819E+01 
       712  2.248119086E-02 -3.464362203E-02  3.337584504E-03 -2.039364468E+01 
       713  6.132797615E-02  3.709999844E-02  3.619141810E-03 -4.955823834E+01 
       714  9.717324060E-02  3.709999844E-02  3.732380892E-03 -4.560442871E+01 
       715  5.376902316E-02  3.709999844E-02  3.734952217E-03 -4.880759494E+01 
       716  9.342110115E-02 -3.050000034E-02  3.788239059E-03 -3.520312162E+01 
       717  9.032320628E-02  3.709999844E-02  3.834822636E-03 -4.894762475E+01 
       718  7.988591494E-02  3.709999844E-02  3.999001739E-03 -5.241658998E+01 
       719  1.009565933E-01  3.660503692E-03  4.008736091E-03 -4.661394475E+01 
       720  5.473691845E-03 -3.432090003E-02  4.066508279E-03 -2.138654141E+01 
       721  3.071167613E-02 -3.459211922E-02  4.142088555E-03 -1.773597816E+01 
       722  1.008957086E-01  1.930864163E-02  4.146717199E-03 -4.683238799E+01 
       723  1.009246718E-01  2.858350642E-02  4.318437618E-03 -4.631352521E+01 
       724  1.009066761E-01  3.271507852E-02  4.402214604E-03 -4.540798874E+01 
       725  1.161496419E-02 -3.439773375E-02  4.418846710E-03 -2.069561517E+01 
       726  1.008601235E-01 -1.244338035E-02  4.526544952E-03 -4.530872312E+01 
       727  1.008459537E-01  1.571325225E-02  4.538135713E-03 -4.699675864E+01 
       728  9.694719787E-02 -3.050000034E-02  4.557652162E-03 -3.337626360E+01 
       729  4.368977621E-02 -3.264375915E-02  4.744366257E-03 -2.462905490E+01 
       730  7.438734806E-02  3.709999844E-02  4.762947361E-03 -5.226979629E+01 
       731  5.751116423E-02  3.709999844E-02  4.768677866E-03 -4.910561935E+01 
       732  4.469722303E-02 -3.050000034E-02  4.828954512E-03 -2.192194503E+01 
       733  4.368977621E-02 -3.050000034E-02  4.861634990E-03 -2.279787109E+01 
       734  1.007689734E-01 -8.629028489E-03  4.923458108E-03 -4.578856671E+01 
       735  4.368977621E-02 -3.233883413E-02  4.962001951E-03 -2.477639538E+01 
       736  4.368977621E-02 -3.453488899E-02  5.009423803E-03 -2.279211827E+01 
       737  4.267410363E-02 -3.455309777E-02  5.014067521E-03 -1.850660944E+01 
       738  1.007858754E-01  6.502777964E-03  5.343310185E-03 -4.686862627E+01 
       739  1.007754669E-01  6.504239828E-04  5.381216679E-03 -4.654050031E+01 
       740  3.103760596E-02 -3.444482730E-02  5.385188643E-03 -1.618251333E+01 
       741  1.007845456E-01 -2.166426919E-02  5.387658205E-03 -4.531921926E+01 
       742  1.007202771E-01 -2.620909886E-02  5.546317507E-03 -4.680069190E+01 
       743  7.747208671E-02  3.709999844E-02  5.783257639E-03 -5.279925960E+01 
       744  6.762556128E-02  3.709999844E-02  5.795681759E-03 -5.110488181E+01 
       745  8.893730764E-02 -3.050000034E-02  5.863720773E-03 -4.029016712E+01 
       746  8.398627341E-02  3.709999844E-02  6.066887851E-03 -5.197233235E+01 
       747  3.699858160E-02 -3.426191269E-02  6.287507517E-03 -1.786364097E+01 
       748  9.068831241E-02 -3.050000034E-02  6.340447887E-03 -3.882600147E+01 
       749  6.304478982E-02  3.709999844E-02  6.769792312E-03 -5.004443411E+01 
       750  4.886643774E-02 -3.050000034E-02  6.931436867E-03 -2.210866883E+01 
       751  3.601311388E-02 -3.412325274E-02  6.996406027E-03 -1.749193530E+01 
       752  2.194408437E-02 -3.405512077E-02  7.019086452E-03 -1.472051577E+01 
       753  4.637123947E-02 -3.050000034E-02  7.289990995E-03 -2.372496532E+01 
       754  4.084638572E-02 -3.413821102E-02  7.339888132E-03 -1.951878388E+01 
       755  6.537640045E-02  3.709999844E-02  7.420142522E-03 -5.078206262E+01 
       756  7.140542686E-02  3.709999844E-02  7.533740333E-03 -5.201562549E+01 
       757  9.811469184E-02  3.709999844E-02  7.646987977E-03 -4.651889201E+01 
       758  1.327454598E-02 -3.391101216E-02  7.730320566E-03 -1.135515651E+01 
       759  5.725939795E-02  3.709999844E-02  7.896506413E-03 -4.935476396E+01 
       760  5.222627174E-02 -3.050000034E-02  8.061149066E-03 -2.621476045E+01 
       761  1.001670146E-01  2.625062827E-02  8.084187704E-03 -4.690927619E+01 
       762  1.000288459E-01  3.709999844E-02  8.168098541E-03 -4.582436870E+01 
       763  1.001078544E-01  3.517900351E-02  8.189189106E-03 -4.587535508E+01 
       764  1.001320029E-01  2.223116377E-02  8.228842254E-03 -4.703113704E+01 
       765  5.630359266E-02  3.709999844E-02  8.406598632E-03 -4.928478957E+01 
       766  9.089862103E-02  3.709999844E-02  8.444305576E-03 -4.928799892E+01 
       767  9.815383892E-02 -3.050000034E-02  8.558879613E-03 -3.573332114E+01 
       768  5.097845356E-02 -3.050000034E-02  8.602492397E-03 -2.556900961E+01 
       769  8.431229538E-02  3.709999844E-02  8.734642743E-03 -5.206849098E+01 
       770  2.927444896E-02 -3.364935430E-02  8.778461193E-03 -1.556354387E+01 
       771  9.996633328E-02 -1.948612556E-02  8.844654569E-03 -4.562740316E+01 
       772  9.994144219E-02 -1.518273621E-02  8.914218067E-03 -4.566869839E+01 
       773  9.976230519E-02 -3.050000034E-02  9.049120259E-03 -4.197932554E+01 
       774  9.984758109E-02 -2.837025023E-02  9.070748819E-03 -4.784700833E+01 
       775  1.790320514E-02 -3.347623193E-02  9.203284293E-03 -1.154463812E+01 
       776  6.014882849E-02  3.709999844E-02  9.368343800E-03 -4.983359468E+01 
       777  4.368977621E-02 -3.217970599E-02  9.604599954E-03 -2.733724080E+01 
       778  7.797883534E-02  3.709999844E-02  9.618532067E-03 -5.294062710E+01 
       779 -7.494541727E-19 -3.297269158E-02  9.690883557E-03 -1.299034765E+01 
       780  4.516551331E-02 -3.049986639E-02  9.716208464E-03 -2.575245891E+01 
       781  9.972275390E-02 -6.673066081E-03  9.740964997E-03 -4.634438399E+01 
       782  9.973632355E-02  1.375442717E-02  9.775101365E-03 -4.712057673E+01 
       783  4.368977621E-02 -3.049980391E-02  9.780636647E-03 -2.582032685E+01 
       784  2.708367606E-03 -3.311238637E-02  9.790785058E-03 -1.149146015E+01 
       785  9.143708331E-02 -3.050000034E-02  9.801278654E-03 -4.067550335E+01 
       786  4.368977621E-02 -3.160736404E-02  9.850429689E-03 -2.695947967E+01 
       787  2.564012381E-02 -3.331570399E-02  9.887673117E-03 -1.366337134E+01 
       788  9.974507089E-02 -1.108422436E-03  9.931740316E-03 -4.662094724E+01 
       789  9.974774749E-02  8.369089400E-03  9.961651732E-03 -4.703056877E+01 
       790  4.368977621E-02 -3.344768156E-02  9.978517389E-03 -2.606370952E+01 
       791  4.176927463E-02 -3.345228759E-02  9.985298909E-03 -2.218461194E+01 
       792  9.511853851E-02  3.709999844E-02  1.010469647E-02 -4.769914780E+01 
       793  3.578804350E-02 -3.333862680E-02  1.018693953E-02 -1.890789128E+01 
       794  8.807601878E-02  3.709999844E-02  1.048168638E-02 -5.088308521E+01 
       795  7.181956850E-02  3.709999844E-02  1.051773538E-02 -5.228386628E+01 
       796  4.099403931E-02 -3.311316568E-02  1.106671879E-02 -2.374494919E+01 
       797  8.144473441E-02  3.709999844E-02  1.108661060E-02 -5.265843197E+01 
       798  8.628439508E-02 -3.050000034E-02  1.116257065E-02 -4.583767706E+01 
       799  6.594936565E-02  3.709999844E-02  1.129022220E-02 -5.117461971E+01 
       800  9.481328580E-02 -3.050000034E-02  1.136974152E-02 -3.858253991E+01 
       801  9.891063050E-02  3.274208717E-02  1.181678747E-02 -4.688614036E+01 
       802  3.243897786E-02 -3.279562983E-02  1.182593061E-02 -1.761046829E+01 
       803  3.799771549E-02 -3.279126716E-02  1.183951469E-02 -2.197116676E+01 
       804  9.890607994E-02  2.872128659E-02  1.184373198E-02 -4.723581085E+01 
       805  7.519248939E-02  3.709999844E-02  1.187310246E-02 -5.268835393E+01 
       806  5.026019331E-02 -3.050000034E-02  1.193143183E-02 -2.879826875E+01 
       807  6.047611582E-02  3.709999844E-02  1.201064687E-02 -5.022045813E+01 
       808  9.882083209E-02  2.008677066E-02  1.209135454E-02 -4.729996998E+01 
       809  9.888692534E-02  7.789822958E-05  1.217252942E-02 -4.669599356E+01 
       810  8.786772150E-02 -3.050000034E-02  1.225780970E-02 -4.419201089E+01 
       811  4.686859031E-02 -3.049987441E-02  1.239469854E-02 -2.761551054E+01 
       812  9.869694021E-02  1.598165142E-02  1.239562548E-02 -4.723197337E+01 
       813  9.865058244E-02 -1.303220440E-02  1.242834429E-02 -4.613206629E+01 
       814  9.858313591E-02 -2.172599116E-02  1.259305822E-02 -4.627267322E+01 
       815  9.857787075E-02 -8.809922936E-03  1.261004508E-02 -4.632638692E+01 
       816  9.854842724E-02 -2.610741039E-02  1.264269439E-02 -4.754352424E+01 
       817  6.917889464E-02  3.709999844E-02  1.266142088E-02 -5.179374973E+01 
       818  5.524651829E-02 -3.050000034E-02  1.276389189E-02 -3.748986905E+01 
       819  5.105686315E-02 -3.050000034E-02  1.276468537E-02 -3.238927748E+01 
       820  9.851653922E-02  6.727565577E-03  1.287615505E-02 -4.697019072E+01 
       821  5.906867946E-02  3.709999844E-02  1.292647355E-02 -5.008154812E+01 
       822  5.249985867E-03 -3.206030502E-02  1.322754913E-02 -5.895299975E+00 
       823  9.720843604E-03 -3.212159442E-02  1.330235356E-02 -6.588612367E+00 
       824  6.321414505E-02  3.709999844E-02  1.331493150E-02 -5.078518058E+01 
       825  2.546626960E-02 -3.209684758E-02  1.360667489E-02 -1.387403838E+01 
       826  9.811124168E-02  4.013349651E-03  1.363410332E-02 -4.680693043E+01 
       827  8.176402991E-02  3.709315926E-02  1.371811665E-02 -5.208409357E+01 
       828  3.214591087E-02 -3.188154546E-02  1.409954609E-02 -2.009460064E+01 
       829  8.810079980E-02  3.706255576E-02  1.412839062E-02 -5.052524746E+01 
       830  9.522759756E-02  3.700670144E-02  1.447090911E-02 -4.819552551E+01 
       831  4.561322954E-02 -3.049812931E-02  1.466958878E-02 -2.799337229E+01 
       832  4.368977621E-02 -3.049673711E-02  1.471365094E-02 -2.840201243E+01 
       833  4.368977621E-02 -3.161638705E-02  1.477804288E-02 -2.918346374E+01 
       834  4.264252404E-02 -3.162163428E-02  1.481189250E-02 -2.739825047E+01 
       835  3.750086333E-02 -3.158383618E-02  1.481701404E-02 -2.497740004E+01 
       836  8.796289193E-02 -3.046059747E-02  1.484727042E-02 -4.556145385E+01 
       837  9.739739820E-02  2.655653436E-02  1.508199697E-02 -4.754676215E+01 
       838  9.511864775E-02 -3.042041887E-02  1.508511459E-02 -4.115666305E+01 
       839  9.730857673E-02  2.258789293E-02  1.526078968E-02 -4.748691765E+01 
       840  8.215379615E-02 -3.048425595E-02  1.546789718E-02 -4.763704628E+01 
       841  9.696156925E-02  3.696339909E-02  1.547521909E-02 -4.737855065E+01 
       842  9.706522019E-02  3.505890535E-02  1.548284562E-02 -4.725097464E+01 
       843  1.849028557E-02 -3.159119198E-02  1.561380306E-02 -9.231683799E+00 
       844  7.576045017E-02  3.701022640E-02  1.566318916E-02 -5.211337861E+01 
       845  8.529604431E-02  3.704763646E-02  1.570910427E-02 -5.117342171E+01 
       846  6.943969149E-02  3.699792908E-02  1.575055270E-02 -5.166016001E+01 
       847  9.692976121E-02 -1.951502007E-02  1.583664045E-02 -4.640353548E+01 
       848  9.692043168E-02 -1.537328392E-02  1.585178571E-02 -4.621598645E+01 
       849  2.915520731E-02 -3.104761448E-02  1.596685803E-02 -1.834734910E+01 
       850  3.568220007E-02 -3.103631290E-02  1.597743900E-02 -2.446770643E+01 
       851  9.681306067E-02 -2.818558231E-02  1.600711173E-02 -4.845974596E+01 
       852  9.670968054E-02 -3.037812873E-02  1.602398665E-02 -4.494487688E+01 
       853  4.622575983E-02 -3.049697820E-02  1.606902828E-02 -2.927325215E+01 
       854  4.112665224E-02 -3.100305848E-02  1.613814158E-02 -2.881668548E+01 
       855  6.351150765E-02  3.704154920E-02  1.625426055E-02 -5.091100313E+01 
       856  9.170538515E-02  3.696366555E-02  1.638196140E-02 -4.907716705E+01 
       857  9.653597169E-02 -6.662043303E-03  1.645577916E-02 -4.642105686E+01 
       858  7.877338154E-02  3.699599130E-02  1.652926121E-02 -5.179258949E+01 
       859  5.968134659E-02 -3.046649352E-02  1.655795793E-02 -4.781003000E+01 
       860  9.643707276E-02  1.399381211E-02  1.662582404E-02 -4.727188909E+01 
       861  2.061670548E-02 -3.111832832E-02  1.667854164E-02 -1.269438349E+01 
       862  9.638712878E-02 -3.837394472E-03  1.669975997E-02 -4.651521727E+01 
       863  5.503830664E-02 -3.038930821E-02  1.708925205E-02 -4.099322868E+01 
       864  9.615742307E-02  1.094003873E-02  1.711232212E-02 -4.710329666E+01 
       865  5.089757279E-02 -3.038773791E-02  1.713440437E-02 -3.600810393E+01 
       866  4.368977621E-02 -3.049395606E-02  1.717901789E-02 -2.986811096E+01 
       867  1.306542170E-02 -3.084709609E-02  1.728879590E-02 -7.576433557E+00 
       868  6.210117173E-02  3.700335585E-02  1.732883343E-02 -5.064846408E+01 
       869  8.357384702E-02 -3.042395252E-02  1.733543244E-02 -4.669531552E+01 
       870  9.118084391E-02 -3.035540941E-02  1.743000994E-02 -4.396458986E+01 
       871  7.332595457E-02  3.689761861E-02  1.767234250E-02 -5.158133867E+01 
       872  6.668947970E-02  3.690983063E-02  1.791788364E-02 -5.109933978E+01 
       873  4.706329312E-02 -3.033783844E-02  1.798210002E-02 -3.310033484E+01 
       874  9.559043765E-02  2.097162026E-02  1.809313886E-02 -4.757915201E+01 
       875  5.860648046E-02 -3.029411429E-02  1.818082659E-02 -4.629096022E+01 
       876  2.917938892E-02 -3.036030336E-02  1.828306256E-02 -2.189133223E+01 
       877  9.532253442E-02  2.883976181E-02  1.834966561E-02 -4.775446988E+01 
       878  7.693176983E-02 -3.041630524E-02  1.835183364E-02 -4.548590027E+01 
       879  4.961174368E-02 -3.029240638E-02  1.838964371E-02 -3.668064332E+01 
       880  9.521437565E-02  3.264847250E-02  1.841201927E-02 -4.772153474E+01 
       881  9.529827146E-02 -1.359000574E-02  1.842011249E-02 -4.624135516E+01 
       882  5.661284075E-02 -3.025682151E-02  1.855116091E-02 -4.355438564E+01 
       883  8.338096083E-02 -3.031743416E-02  1.865609128E-02 -4.622608063E+01 
       884  2.791192330E-03 -3.043816011E-02  1.868155678E-02 -7.238245615E+00 
       885  9.516112164E-02  2.956239991E-03  1.869052963E-02 -4.672590431E+01 
       886  2.136855318E-02 -3.028422347E-02  1.871143282E-02 -1.567790742E+01 
       887 -7.494541727E-19 -3.056873829E-02  1.873626408E-02 -9.214894308E+00 
       888  9.510143103E-02  1.670531809E-02  1.873749812E-02 -4.743678023E+01 
       889  9.499342384E-02 -9.089099497E-03  1.884191720E-02 -4.625639054E+01 
       890  6.514443785E-02 -3.038290908E-02  1.893640741E-02 -5.062280171E+01 
       891  9.483103942E-02 -2.162787760E-02  1.895244829E-02 -4.664596870E+01 
       892  3.568220007E-02 -3.025517016E-02  1.909646822E-02 -2.824028466E+01 
       893  8.477598217E-02  3.685652780E-02  1.912688514E-02 -5.035898333E+01 
       894  9.466091224E-02 -2.586279850E-02  1.918420685E-02 -4.797079272E+01 
       895  4.112665224E-02 -3.026559679E-02  1.919212927E-02 -3.174007620E+01 
       896  9.468175838E-02 -1.329767048E-03  1.931885379E-02 -4.653816889E+01 
       897  7.108276180E-02 -3.034847257E-02  1.955756034E-02 -4.686483862E+01 
       898  9.449618550E-02  9.206379461E-03  1.963577295E-02 -4.706651109E+01 
       899  4.261080137E-02 -3.019707159E-02  1.979621627E-02 -3.272219246E+01 
       900  9.409122692E-02  4.940796021E-03  2.006318527E-02 -4.685326413E+01 
       901  8.026432686E-02  3.676326213E-02  2.008689663E-02 -5.076723435E+01 
       902  2.630443068E-02 -3.009709513E-02  2.019074431E-02 -1.998058911E+01 
       903  7.327776892E-02  3.666396162E-02  2.020806948E-02 -5.061361755E+01 
       904  6.475957415E-02 -3.015667631E-02  2.022631482E-02 -4.837115411E+01 
       905  7.768179327E-02 -3.008313581E-02  2.041287294E-02 -4.467081902E+01 
       906  9.113370274E-02  3.660685307E-02  2.041563386E-02 -4.900050344E+01 
       907  6.681971925E-02  3.666462291E-02  2.048127812E-02 -5.060043526E+01 
       908  4.439664569E-02 -3.013678322E-02  2.052561547E-02 -3.481124525E+01 
       909  9.080999300E-02 -3.001138958E-02  2.057745984E-02 -4.568245923E+01 
       910  3.208779277E-02 -3.006565342E-02  2.067930001E-02 -2.708963837E+01 
       911  3.832985324E-02 -3.006736625E-02  2.075563904E-02 -3.226323157E+01 
       912  9.331837123E-02  2.335005234E-02  2.093706609E-02 -4.770519463E+01 
       913  8.010113683E-02 -2.998375124E-02  2.100405968E-02 -4.535417529E+01 
       914  9.323981293E-02  2.655398117E-02  2.101978936E-02 -4.781853450E+01 
       915  6.178670039E-02 -2.995670414E-02  2.149322096E-02 -4.759084690E+01 
       916  9.263904631E-02  3.461276665E-02  2.151078184E-02 -4.791527636E+01 
       917  9.248123750E-02  3.643799848E-02  2.155108634E-02 -4.821331931E+01 
       918  7.957549883E-02  3.651040839E-02  2.164044145E-02 -4.983515885E+01 
       919  6.544166199E-02  3.654102647E-02  2.165489405E-02 -5.029902583E+01 
       920  1.178298113E-02 -2.972447346E-02  2.166261352E-02 -1.148442026E+01 
       921  8.712704506E-02  3.649145746E-02  2.166383207E-02 -4.930742327E+01 
       922  7.116624280E-02 -2.987762989E-02  2.171197283E-02 -4.635599946E+01 
       923  9.241851053E-02 -2.763079840E-02  2.175947141E-02 -4.811040716E+01 
       924  9.235864272E-02 -1.582318091E-02  2.177811809E-02 -4.619452455E+01 
       925  5.069359218E-03 -2.968587269E-02  2.183503562E-02 -1.153412448E+01 
       926  9.219466167E-02 -2.980135722E-02  2.187590424E-02 -4.700547006E+01 
       927  8.708845158E-02 -2.982030052E-02  2.195262185E-02 -4.660994546E+01 
       928  9.210600192E-02 -1.890955670E-02  2.206467046E-02 -4.641020370E+01 
       929  9.214176424E-02 -8.079066202E-03  2.215233069E-02 -4.619823030E+01 
       930  9.203737505E-02 -2.446869541E-03  2.221771274E-02 -4.647555574E+01 
       931  7.009680527E-02  3.634968190E-02  2.236300600E-02 -5.013027221E+01 
       932  9.160226035E-02  1.610739898E-02  2.263894078E-02 -4.745007084E+01 
       933  7.634264212E-02  3.628260927E-02  2.267405793E-02 -4.981653916E+01 
       934  9.146722081E-02  1.118394620E-02  2.276185895E-02 -4.712939168E+01 
       935  5.462766796E-02 -2.959554682E-02  2.285839506E-02 -4.377601309E+01 
       936  5.144037341E-02 -2.957785144E-02  2.301515757E-02 -4.153681380E+01 
       937  9.117158321E-02 -5.726990862E-03  2.304155542E-02 -4.631371568E+01 
       938  2.016692887E-02 -2.949969096E-02  2.304900100E-02 -1.945039421E+01 
       939  7.435619407E-02 -2.961486323E-02  2.314061854E-02 -4.448632148E+01 
       940  6.823133958E-02 -2.956502137E-02  2.333837604E-02 -4.718359030E+01 
       941  9.074182466E-02  1.438502753E-02  2.340078151E-02 -4.727964629E+01 
       942  9.078833118E-02  2.068695220E-02  2.351968209E-02 -4.761229378E+01 
       943  9.071688752E-02  2.837308607E-02  2.352505735E-02 -4.789130867E+01 
       944  9.066028511E-02  3.946351187E-03  2.354288937E-02 -4.678654672E+01 
       945  9.047740179E-02  3.220857041E-02  2.369835251E-02 -4.802145720E+01 
       946  2.580510996E-02 -2.944613178E-02  2.378385141E-02 -2.389555113E+01 
       947  9.043002731E-02 -1.273468873E-02  2.381411385E-02 -4.615015582E+01 
       948  4.500148335E-02 -2.937474666E-02  2.401773001E-02 -3.986754912E+01 
       949  1.343532760E-02 -2.913077577E-02  2.411364654E-02 -1.944562963E+01 
       950  8.989480954E-02  1.174854054E-03  2.419775616E-02 -4.660168929E+01 
       951  8.981103617E-02 -2.071114550E-02  2.419881548E-02 -4.645591879E+01 
       952  6.094895868E-02 -2.929015480E-02  2.427623359E-02 -4.588450826E+01 
       953  3.180652945E-02 -2.929073210E-02  2.429738047E-02 -3.193235500E+01 
       954  8.960092906E-02 -2.520643844E-02  2.434550476E-02 -4.723309010E+01 
       955  3.839091913E-02 -2.924437180E-02  2.445332355E-02 -3.719021849E+01 
       956  8.608589133E-02  3.585320550E-02  2.467323407E-02 -4.885009378E+01 
       957  1.835595545E-02 -2.889994038E-02  2.479343716E-02 -2.313938416E+01 
       958  7.009920533E-02  3.584833096E-02  2.479584148E-02 -4.887518611E+01 
       959  8.923160044E-02  7.323689374E-03  2.480265561E-02 -4.693934814E+01 
       960  7.574662191E-02  3.584328499E-02  2.491226310E-02 -4.824677812E+01 
       961  6.771322511E-02 -2.911000429E-02  2.508578005E-02 -4.598295119E+01 
       962  4.922749562E-02 -2.902453443E-02  2.531468770E-02 -4.284668386E+01 
       963  8.853636912E-02  2.195469778E-02  2.535188727E-02 -4.758490915E+01 
       964  8.221694698E-02  3.565154120E-02  2.537319264E-02 -4.880561225E+01 
       965  8.144265243E-02 -2.901834597E-02  2.540944282E-02 -4.508635180E+01 
       966  8.842976278E-02  2.636092819E-02  2.540949893E-02 -4.774519375E+01 
       967  8.583942289E-02 -2.897901934E-02  2.547847533E-02 -4.622175203E+01 
       968  5.732527483E-02 -2.895181619E-02  2.551944859E-02 -4.552607482E+01 
       969  2.713910590E-02 -2.894983469E-02  2.557635206E-02 -3.089715502E+01 
       970  6.899396791E-02  3.554397964E-02  2.579144317E-02 -4.859789285E+01 
       971  8.782186296E-02 -1.285095096E-02  2.579164397E-02 -4.611557543E+01 
       972  8.746352881E-02  3.371990789E-02  2.603333324E-02 -4.799938876E+01 
       973  8.747909801E-02 -6.027080975E-03  2.606308492E-02 -4.626968369E+01 
       974  8.730040521E-02  3.545981904E-02  2.608386222E-02 -4.827257822E+01 
       975  8.708301841E-02  1.454256213E-02  2.628754379E-02 -4.717337497E+01 
       976  7.296365984E-02  3.537499737E-02  2.629995160E-02 -4.772635070E+01 
       977  4.179208172E-02 -2.869240116E-02  2.632630872E-02 -4.137631833E+01 
       978  8.679461669E-02 -2.697716900E-02  2.633590757E-02 -4.768604864E+01 
       979  8.687489502E-02 -1.891401840E-02  2.637241340E-02 -4.636743494E+01 
       980  8.654106233E-02 -2.870274900E-02  2.640552416E-02 -4.724247878E+01 
       981  3.435642429E-02 -2.866030117E-02  2.640577143E-02 -3.798290806E+01 
       982  8.693040216E-02  3.172499965E-04  2.642216301E-02 -4.652612558E+01 
       983  6.358588526E-02 -2.862456215E-02  2.646031176E-02 -4.603639987E+01 
       984  8.677050396E-02  7.746287667E-03  2.650775186E-02 -4.686173859E+01 
       985  8.628203225E-02 -1.545179969E-02  2.672756015E-02 -4.621951417E+01 
       986  8.623346315E-02  2.050906160E-02  2.684165448E-02 -4.735987214E+01 
       987  8.623567092E-02 -9.223979863E-03  2.685391559E-02 -4.612708903E+01 
       988  8.595767117E-02 -3.318491708E-03  2.699336608E-02 -4.635898806E+01 
       989  7.516211580E-02 -2.841294000E-02  2.700757500E-02 -4.530607159E+01 
       990  8.550190783E-02  1.731865878E-02  2.722701301E-02 -4.717777022E+01 
       991  8.559514462E-02  2.786863575E-02  2.724399316E-02 -4.761625520E+01 
       992  8.546612192E-02  1.119476785E-02  2.725108053E-02 -4.694701384E+01 
       993 -7.494541727E-19 -2.791309222E-02  2.730204528E-02 -2.428033459E+01 
       994  8.537424856E-02  3.155537369E-02  2.736254110E-02 -4.779026274E+01 
       995  3.041092029E-03 -2.804686439E-02  2.736662013E-02 -2.210677197E+01 
       996  8.527700821E-02  2.174259006E-03  2.743653895E-02 -4.657296322E+01 
       997  8.512827720E-02  5.614117268E-03  2.750330682E-02 -4.668638566E+01 
       998  8.104146857E-02  3.494804419E-02  2.750549149E-02 -4.769092611E+01 
       999  7.940382509E-02 -2.818334047E-02  2.769974287E-02 -4.507856789E+01 
      1000  7.803489747E-02  3.483194781E-02  2.775074813E-02 -4.702589365E+01 
      1001  8.394293330E-02 -2.443655908E-02  2.801076409E-02 -4.740567239E+01 
      1002  8.397869239E-02 -2.142793127E-02  2.803981264E-02 -4.657220112E+01 
      1003  6.977557890E-02 -2.788520850E-02  2.828648809E-02 -4.606602682E+01 
      1004  8.366068894E-02  2.642208295E-02  2.828995774E-02 -4.731548341E+01 
      1005  8.332995845E-02  2.291970081E-02  2.843726492E-02 -4.722347938E+01 
      1006  8.254022363E-02 -9.334630222E-03  2.877669219E-02 -4.612998174E+01 
      1007  7.312494775E-02 -2.766656413E-02  2.885429110E-02 -4.621766623E+01 
      1008  8.230817647E-02 -1.473938313E-02  2.888971652E-02 -4.614900163E+01 
      1009  8.226329363E-02 -3.745575745E-03  2.890990869E-02 -4.633798422E+01 
      1010  8.199510860E-02  3.437764463E-02  2.899794087E-02 -4.727738551E+01 
      1011  8.201872472E-02  1.135191690E-02  2.899881448E-02 -4.683092256E+01 
      1012  8.206048843E-02  3.274838965E-02  2.900618532E-02 -4.726389851E+01 
      1013  8.181686116E-02  1.666342663E-02  2.908843392E-02 -4.698904620E+01 
      1014  8.153384603E-02  1.045755737E-03  2.922773172E-02 -4.649909601E+01 
      1015  4.990618179E-02 -2.741752131E-02  2.923122752E-02 -4.453916658E+01 
      1016  8.146013540E-02 -1.985238232E-02  2.925194084E-02 -4.671997759E+01 
      1017  8.144551385E-02  6.496800434E-03  2.925456485E-02 -4.665411214E+01 
      1018  2.608486173E-02 -2.744761690E-02  2.925590502E-02 -3.659176536E+01 
      1019  8.128002357E-02 -1.180747530E-02  2.928384290E-02 -4.605851924E+01 
      1020  8.115848716E-02 -6.499924382E-03  2.934436275E-02 -4.625053284E+01 
      1021  5.651942885E-02 -2.730228227E-02  2.944942138E-02 -4.435368943E+01 
      1022  8.090083321E-02 -1.679643808E-02  2.945697723E-02 -4.644873788E+01 
      1023  8.022423777E-02 -2.753295872E-02  2.945883760E-02 -4.865480321E+01 
      1024  8.094327967E-02  2.188336230E-02  2.945946609E-02 -4.701501991E+01 
      1025  8.072125472E-02  1.373778739E-02  2.949567588E-02 -4.686182845E+01 
      1026  8.078665040E-02 -1.286717645E-03  2.949648978E-02 -4.642725305E+01 
      1027  8.030165090E-02 -2.648091074E-02  2.949720544E-02 -4.996561521E+01 
      1028  7.257172611E-02  3.407493335E-02  2.954269809E-02 -4.617995745E+01 
      1029  8.058364427E-02  8.499818043E-03  2.955982377E-02 -4.671461720E+01 
      1030  4.818157664E-03 -2.713816947E-02  2.956472520E-02 -3.173174467E+01 
      1031  8.059767726E-02  2.786178596E-02  2.958771626E-02 -4.693090360E+01 
      1032  8.046876807E-02  3.116362416E-02  2.963448852E-02 -4.674577194E+01 
      1033  2.062616656E-02 -2.719005872E-02  2.968056039E-02 -3.306386529E+01 
      1034  8.014640819E-02  1.894260688E-02  2.972891366E-02 -4.695185646E+01 
      1035  1.094768401E-02 -2.702504566E-02  2.977786322E-02 -2.875335915E+01 
      1036  4.201721083E-02 -2.718714717E-02  2.977907069E-02 -4.434319615E+01 
      1037  3.418767374E-02 -2.720178820E-02  2.979735659E-02 -4.246357310E+01 
      1038  7.997412610E-02  3.590514256E-03  2.983699020E-02 -4.656354604E+01 
      1039  7.648825047E-02  3.395753433E-02  2.984783171E-02 -4.568139884E+01 
      1040  6.818702076E-02 -2.726367287E-02  2.984948661E-02 -4.609499872E+01 
      1041  6.326510566E-02 -2.710315230E-02  2.989761281E-02 -4.487754374E+01 
      1042  7.932675766E-02  2.695208983E-02  3.003875391E-02 -4.669020970E+01 
      1043  7.892954240E-02  2.359883402E-02  3.016600041E-02 -4.686077792E+01 
      1044  7.813551058E-02 -2.190377785E-02  3.029299567E-02 -4.731776869E+01 
      1045  7.794905270E-02 -2.388988391E-02  3.032317977E-02 -5.050115131E+01 
      1046  7.739093355E-02 -6.638519801E-03  3.053219620E-02 -4.630903823E+01 
      1047  7.738335265E-02 -1.171188274E-02  3.053479243E-02 -4.613186773E+01 
      1048  7.725465590E-02 -1.641576073E-02  3.057096549E-02 -4.676577213E+01 
      1049  7.723305951E-02  1.362738475E-02  3.057676845E-02 -4.681171121E+01 
      1050  7.725104978E-02 -1.579412138E-03  3.057944864E-02 -4.643849998E+01 
      1051  7.719044980E-02  8.676721210E-03  3.059157429E-02 -4.669467515E+01 
      1052  7.715556770E-02  3.562038082E-03  3.061237951E-02 -4.656195958E+01 
      1053  7.700889952E-02  3.360182401E-02  3.062143408E-02 -4.561208654E+01 
      1054  7.706873676E-02  1.852236072E-02  3.063766393E-02 -4.688530737E+01 
      1055  7.689280176E-02  3.202987235E-02  3.066739372E-02 -4.580930077E+01 
      1056  7.672133064E-02 -1.296680935E-02  3.068566922E-02 -4.637130330E+01 
      1057  5.419195229E-02 -2.663408379E-02  3.070819006E-02 -4.341697551E+01 
      1058  7.663731103E-02  2.304513836E-02  3.076004597E-02 -4.678930158E+01 
      1059  7.651635369E-02  2.768670938E-02  3.077979887E-02 -4.634603202E+01 
      1060  7.618912622E-02 -9.110279781E-03  3.079469286E-02 -4.623735051E+01 
      1061  7.608241764E-02 -4.123486948E-03  3.082465645E-02 -4.639354469E+01 
      1062  7.600830453E-02 -1.431703465E-02  3.084466532E-02 -4.679153209E+01 
      1063  7.596579360E-02  1.083536336E-02  3.085005224E-02 -4.675673404E+01 
      1064  7.606003613E-02 -1.960770494E-02  3.085230064E-02 -4.749617752E+01 
      1065  7.588094274E-02  1.582245964E-02  3.087362315E-02 -4.685918022E+01 
      1066  7.584026093E-02  8.623656244E-04  3.089041465E-02 -4.650312902E+01 
      1067  7.580983056E-02  5.848648779E-03  3.089661075E-02 -4.663115027E+01 
      1068  7.569786695E-02  3.078628040E-02  3.093009346E-02 -4.572305709E+01 
      1069  7.546242191E-02  2.080984911E-02  3.098418325E-02 -4.686090754E+01 
      1070  6.694076426E-02 -2.660964374E-02  3.100120734E-02 -4.521373747E+01 
      1071  7.362622222E-02 -2.676827137E-02  3.104682407E-02 -5.201423512E+01 
      1072  7.356210692E-02 -2.554671283E-02  3.111776602E-02 -5.495277441E+01 
      1073  6.113724260E-02 -2.643139218E-02  3.118885136E-02 -4.352241371E+01 
      1074  7.426114380E-02 -1.160425041E-02  3.122394718E-02 -4.652213030E+01 
      1075  7.426114380E-02 -9.227034563E-03  3.122394718E-02 -4.624149089E+01 
      1076  7.426114380E-02 -4.136154448E-03  3.122394718E-02 -4.640975590E+01 
      1077  7.426114380E-02  8.519433401E-04  3.122394718E-02 -4.650673990E+01 
      1078  7.426114380E-02  5.843088083E-03  3.122394718E-02 -4.663175413E+01 
      1079  7.426114380E-02  1.083553412E-02  3.122394718E-02 -4.675718527E+01 
      1080  7.426114380E-02  1.582663515E-02  3.122394718E-02 -4.685750914E+01 
      1081  7.426114380E-02  2.081535596E-02  3.122394718E-02 -4.685116287E+01 
      1082  7.426114380E-02  2.580225490E-02  3.122394718E-02 -4.650124258E+01 
      1083  7.426114380E-02  3.090321510E-02  3.122394718E-02 -4.574317107E+01 
      1084  7.426114380E-02  3.328132629E-02  3.122394718E-02 -4.515848142E+01 
      1085  7.303912174E-02 -1.996697175E-02  3.127154764E-02 -4.849809624E+01 
      1086  7.280730568E-02 -1.449230460E-02  3.131268583E-02 -4.738108583E+01 
      1087  7.212286346E-02 -2.380476337E-02  3.133438233E-02 -5.359904854E+01 
      1088  7.235974382E-02 -1.175949863E-02  3.135008751E-02 -4.725516086E+01 
      1089  7.218057290E-02 -1.392830546E-02  3.136197384E-02 -4.751178715E+01 
      1090  7.191709909E-02 -1.866845940E-02  3.136469989E-02 -4.827734453E+01 
      1091  7.010000199E-02 -2.652496845E-02  3.150000051E-02 -5.454784732E+01 
      1092  7.010000199E-02 -2.402781616E-02  3.150000051E-02 -5.905889677E+01 
      1093  7.010000199E-02 -1.881756073E-02  3.150000051E-02 -4.853864127E+01 
      1094  7.010000199E-02 -1.430751354E-02  3.150000051E-02 -4.764834589E+01 
      1095  7.010000199E-02 -1.194400527E-02  3.150000051E-02 -4.748002590E+01 
      1096  1.220317286E-02 -2.612059151E-02  3.150839083E-02 -3.666797931E+01 
      1097  4.617646937E-02 -2.614450513E-02  3.170511400E-02 -4.431231062E+01 
      1098  2.874030978E-02 -2.609973985E-02  3.195740053E-02 -4.230255337E+01 
      1099  1.907986473E-02 -2.587572156E-02  3.203868581E-02 -3.791000136E+01 
      1100  3.775153844E-02 -2.592277399E-02  3.216139634E-02 -4.443673028E+01 
      1101  7.010000199E-02 -2.380476337E-02  3.228815139E-02 -5.921511952E+01 
      1102  7.010000199E-02 -1.856816863E-02  3.316879267E-02 -4.839578072E+01 
      1103  7.010000199E-02 -1.407615596E-02  3.323238239E-02 -4.776976102E+01 
      1104  7.010000199E-02 -2.511893032E-02  3.325841779E-02 -5.573552821E+01 
      1105  6.776902056E-02 -2.510288496E-02  3.332613507E-02 -4.409613487E+01 
      1106  2.844976220E-02 -2.414598901E-02  3.474725355E-02 -4.090615862E+01 
      1107 -7.494541727E-19 -2.374786710E-02  3.481937082E-02 -3.473267710E+01 
      1108  7.010000199E-02 -1.984196346E-02  3.500599033E-02 -5.213823222E+01 
      1109  3.774230670E-02 -2.388755949E-02  3.507181007E-02 -4.169578919E+01 
      1110  2.003736593E-02 -2.374824710E-02  3.511162255E-02 -3.814014285E+01 
      1111  7.010000199E-02 -2.363431808E-02  3.511510132E-02 -4.873068235E+01 
      1112  4.634929876E-02 -2.378704167E-02  3.513104157E-02 -4.121461033E+01 
      1113  3.004899786E-03 -2.360421060E-02  3.514777533E-02 -3.571859279E+01 
      1114  5.424521920E-02 -2.360797772E-02  3.531599177E-02 -4.019923508E+01 
      1115  6.149599721E-02 -2.345414716E-02  3.547963805E-02 -4.087933581E+01 
      1116  1.116350084E-02 -2.331107541E-02  3.555637468E-02 -3.646086241E+01 
      1117  6.592679767E-02 -2.294263413E-02  3.600849345E-02 -4.141251208E+01 
      1118  5.952004577E-02 -2.252347373E-02  3.662012729E-02 -3.923706560E+01 
      1119  4.741978976E-03 -2.239052317E-02  3.672359989E-02 -3.440827115E+01 
      1120  7.010000199E-02 -2.232833372E-02  3.674838951E-02 -4.887160070E+01 
      1121  7.010000199E-02 -1.858140693E-02  3.689291936E-02 -5.079958146E+01 
      1122  6.670171792E-02 -2.220848659E-02  3.689827255E-02 -4.120004808E+01 
      1123  2.370041748E-02 -2.224930579E-02  3.694929618E-02 -3.708969376E+01 
      1124  5.140398276E-02 -2.222011805E-02  3.696270522E-02 -3.927796241E+01 
      1125  4.244631236E-02 -2.191782927E-02  3.735451122E-02 -3.991316652E+01 
      1126  3.312707042E-02 -2.190381693E-02  3.738497018E-02 -3.980439712E+01 
      1127 -7.494541727E-19 -2.078265510E-02  3.868144378E-02 -3.064721930E+01 
      1128  4.743034359E-03 -2.078265510E-02  3.868144378E-02 -3.159228810E+01 
      1129  1.422418867E-02 -2.078265510E-02  3.868144378E-02 -3.202135453E+01 
      1130  2.369977041E-02 -2.078265510E-02  3.868144378E-02 -3.330857645E+01 
      1131  3.313518352E-02 -2.078265510E-02  3.868144378E-02 -3.595623620E+01 
      1132  4.247206170E-02 -2.078265510E-02  3.868144378E-02 -3.699913811E+01 
      1133  5.147832588E-02 -2.078265510E-02  3.868144378E-02 -3.722849502E+01 
      1134  5.968930116E-02 -2.078265510E-02  3.868144378E-02 -3.801489287E+01 
      1135  6.694821902E-02 -2.078265510E-02  3.868144378E-02 -4.022339661E+01 
      1136  7.010000199E-02 -2.078265510E-02  3.868144378E-02 -4.611801314E+01 
