nodenumber     x-coordinate     y-coordinate     z-coordinate         pressure 
         1 -4.228210818E-02  1.251129402E-04 -3.493016039E-02 -4.170342994E+01 
         2 -3.988455524E-02 -8.039621395E-06 -3.492153860E-02 -4.179290351E+01 
         3 -4.385429605E-02 -2.302091887E-03 -3.485525020E-02 -4.176757643E+01 
         4 -3.833850662E-02 -2.666568106E-03 -3.483614797E-02 -4.201951306E+01 
         5 -3.478193371E-02 -2.098714180E-03 -3.483364601E-02 -4.206377088E+01 
         6 -4.366713413E-02  2.668017211E-03 -3.483169892E-02 -4.147764441E+01 
         7 -3.444916016E-02  1.332335122E-03 -3.482805409E-02 -4.173348656E+01 
         8 -3.785772409E-02  2.698733273E-03 -3.481449785E-02 -4.155421583E+01 
         9 -2.790209779E-02  1.086077708E-03 -3.467104252E-02 -4.116889092E+01 
        10 -2.914615938E-02 -3.510894952E-03 -3.464806670E-02 -4.211534397E+01 
        11 -3.145859226E-02  3.337029390E-03 -3.462105914E-02 -4.104919726E+01 
        12 -3.940655682E-02 -4.813753078E-03 -3.460112884E-02 -4.211681441E+01 
        13 -3.299511560E-02 -4.063678753E-03 -3.460089852E-02 -4.225931427E+01 
        14 -4.231035933E-02 -4.906770500E-03 -3.458946924E-02 -4.194963839E+01 
        15 -2.342917366E-02  2.664687364E-03 -3.457467724E-02 -3.962552825E+01 
        16 -3.857443328E-02  4.822522336E-03 -3.457238722E-02 -4.117039341E+01 
        17 -4.209382504E-02  5.214148003E-03 -3.454436831E-02 -4.121043614E+01 
        18 -1.963413257E-02 -1.602155222E-03 -3.442478507E-02 -3.996405471E+01 
        19 -1.500455722E-02 -1.372577872E-03 -3.440981389E-02 -3.828297161E+01 
        20 -4.621235184E-02 -2.271234207E-03 -3.437277055E-02 -4.167252515E+01 
        21 -2.972310155E-03 -2.027128563E-03 -3.434526724E-02 -3.650558827E+01 
        22 -4.621586495E-02  2.631408399E-03 -3.434068495E-02 -4.152198441E+01 
        23 -1.202825186E-02  3.414014083E-03 -3.431378208E-02 -3.646500936E+01 
        24 -5.845969577E-03  3.120640983E-03 -3.429397978E-02 -3.565675829E+01 
        25 -2.290159345E-02  5.683638405E-03 -3.424868099E-02 -3.802909024E+01 
        26 -7.494541727E-19 -2.021058539E-03 -3.420413686E-02 -3.756249794E+01 
        27 -4.374606182E-02 -7.224143292E-03 -3.418318837E-02 -4.193020901E+01 
        28 -3.205104698E-02  6.694780501E-03 -3.417867064E-02 -4.027194416E+01 
        29 -3.789592662E-02 -7.297744959E-03 -3.415427882E-02 -4.223381318E+01 
        30 -3.442417562E-02 -7.232281094E-03 -3.415043293E-02 -4.232225626E+01 
        31 -3.681613289E-02  7.384289932E-03 -3.410931603E-02 -4.061146404E+01 
        32 -4.330265588E-02  7.583696939E-03 -3.410925831E-02 -4.097630640E+01 
        33 -2.668303041E-02 -6.652255046E-03 -3.409075771E-02 -4.252185095E+01 
        34 -2.252957116E-02 -6.650305101E-03 -3.402977012E-02 -4.203613470E+01 
        35 -4.756129162E-02  1.247620764E-04 -3.385855601E-02 -4.163702674E+01 
        36 -4.621062209E-02 -7.122962166E-03 -3.370440864E-02 -4.149157188E+01 
        37 -1.166596222E-02 -6.958054766E-03 -3.369541660E-02 -4.014382557E+01 
        38 -6.087838810E-03 -7.091014005E-03 -3.367054202E-02 -3.883143119E+01 
        39 -4.622552201E-02  7.473354266E-03 -3.361288458E-02 -4.111904809E+01 
        40 -3.934595108E-02 -9.725244879E-03 -3.355564284E-02 -4.233940582E+01 
        41 -4.225051756E-02 -9.727871289E-03 -3.355445980E-02 -4.219946456E+01 
        42 -4.756060162E-02 -4.655593721E-03 -3.354237204E-02 -4.148147133E+01 
        43 -1.428944602E-02  8.119016899E-03 -3.353675047E-02 -3.603715856E+01 
        44 -4.755648703E-02  4.897782095E-03 -3.349514199E-02 -4.135883547E+01 
        45 -3.025312906E-02  9.251605018E-03 -3.346059024E-02 -3.918463930E+01 
        46 -2.750321619E-03  8.136135235E-03 -3.345554439E-02 -3.540797991E+01 
        47 -3.800008524E-02  1.005218418E-02 -3.345401594E-02 -4.021068326E+01 
        48 -4.190965537E-02  1.016417371E-02 -3.341702448E-02 -4.055165008E+01 
        49 -3.284116059E-02 -1.002310212E-02 -3.337281591E-02 -4.225936119E+01 
        50 -7.494541727E-19  8.102195273E-03 -3.332792849E-02 -3.593829431E+01 
        51 -2.680233592E-02  9.547293149E-03 -3.330633943E-02 -3.828112281E+01 
        52 -4.876931627E-02  1.173364887E-04 -3.330383949E-02 -4.157240841E+01 
        53 -1.776299518E-02  8.906013023E-03 -3.328295223E-02 -3.655256808E+01 
        54 -2.923036055E-02 -1.043957532E-02 -3.323716233E-02 -4.256170886E+01 
        55 -4.876532526E-02 -4.572094735E-03 -3.299280828E-02 -4.133865354E+01 
        56 -4.877306177E-02  4.796550333E-03 -3.293544817E-02 -4.139719284E+01 
        57 -4.374146553E-02 -1.199906568E-02 -3.281427577E-02 -4.230808950E+01 
        58 -3.803199539E-02 -1.206946835E-02 -3.278604433E-02 -4.212736992E+01 
        59 -4.319202418E-02  1.234286946E-02 -3.268678526E-02 -4.036882791E+01 
        60 -3.480790780E-02 -1.232602321E-02 -3.266686421E-02 -4.193649007E+01 
        61 -4.755914874E-02 -9.347648282E-03 -3.253933962E-02 -4.101646281E+01 
        62 -3.649935198E-02  1.272147730E-02 -3.247275331E-02 -3.953227396E+01 
        63 -4.755023668E-02  9.556084284E-03 -3.247045087E-02 -4.092978165E+01 
        64 -1.976284545E-02 -1.175566215E-02 -3.238016655E-02 -4.337759814E+01 
        65 -4.914636300E-02  1.135655732E-04 -3.236108844E-02 -4.146172373E+01 
        66 -3.258169751E-02  1.287372545E-02 -3.235067028E-02 -3.891004956E+01 
        67 -4.621356223E-02 -1.182859664E-02 -3.234802102E-02 -4.129263673E+01 
        68 -4.621018375E-02  1.216702745E-02 -3.222095487E-02 -4.063883744E+01 
        69 -3.136641801E-03 -1.217589745E-02 -3.218456385E-02 -4.256526340E+01 
        70 -1.536339506E-02 -1.229932299E-02 -3.217792598E-02 -4.320563445E+01 
        71 -2.797481517E-02 -1.337986088E-02 -3.214800648E-02 -4.230592273E+01 
        72 -5.505775898E-03  1.264754799E-02 -3.207428226E-02 -3.580470505E+01 
        73 -7.494541727E-19 -1.212497750E-02 -3.204947346E-02 -4.338843189E+01 
        74 -4.915892503E-02 -4.443638396E-03 -3.201880675E-02 -4.113851825E+01 
        75 -4.876266782E-02 -9.174215720E-03 -3.200676590E-02 -4.048041786E+01 
        76 -4.915384372E-02  4.667811394E-03 -3.199363447E-02 -4.136527872E+01 
        77 -1.037921425E-02  1.298225085E-02 -3.195291566E-02 -3.578277429E+01 
        78 -4.876487635E-02  9.374157077E-03 -3.192896633E-02 -4.103788742E+01 
        79 -3.959898526E-02 -1.438303251E-02 -3.183123233E-02 -4.194491201E+01 
        80 -4.216829488E-02 -1.457626182E-02 -3.174975611E-02 -4.227726144E+01 
        81 -2.012694439E-02  1.413764580E-02 -3.164011738E-02 -3.641076180E+01 
        82 -2.471003094E-02  1.418004464E-02 -3.163679137E-02 -3.728961155E+01 
        83 -4.191895983E-02  1.504297070E-02 -3.150713411E-02 -3.990074926E+01 
        84 -3.817701241E-02  1.514852297E-02 -3.142560966E-02 -3.942003489E+01 
        85 -2.321897916E-02 -1.481615572E-02 -3.140191550E-02 -4.352577870E+01 
        86 -7.027706757E-02  3.500667811E-02 -3.138634370E-02 -4.410487630E+01 
        87 -7.026677012E-02  3.709999844E-02 -3.132369403E-02 -4.462375687E+01 
        88 -6.742896758E-02  3.365946551E-02 -3.128977493E-02 -4.460037775E+01 
        89 -7.279299624E-02  3.366960298E-02 -3.128537547E-02 -4.354364270E+01 
        90 -7.274986608E-02  3.151749820E-02 -3.126002750E-02 -4.340501024E+01 
        91 -6.736788679E-02  3.151749820E-02 -3.125584013E-02 -4.458666581E+01 
        92 -4.919067068E-02 -8.893212026E-03 -3.097919244E-02 -4.022645874E+01 
        93 -4.917830890E-02  9.115546934E-03 -3.093038704E-02 -4.104791850E+01 
        94 -6.471505136E-02  3.500757760E-02 -3.092260028E-02 -4.525457413E+01 
        95 -4.755415153E-02 -1.384281143E-02 -3.089904746E-02 -4.105962491E+01 
        96 -4.968755659E-02 -2.402645456E-03 -3.087979387E-02 -4.126680319E+01 
        97 -3.368940994E-02 -1.612334966E-02 -3.086187347E-02 -4.093552346E+01 
        98 -6.470905138E-02  3.709999844E-02 -3.086014183E-02 -4.598028621E+01 
        99 -4.969409824E-02  2.431428260E-03 -3.085432532E-02 -4.139685946E+01 
       100 -7.582818715E-02  3.499222243E-02 -3.085422211E-02 -4.317547025E+01 
       101 -4.753749373E-02  1.402681071E-02 -3.082504178E-02 -4.043967221E+01 
       102 -7.581600413E-02  3.709999844E-02 -3.079619503E-02 -4.376904956E+01 
       103 -4.346327609E-02 -1.653279529E-02 -3.078140335E-02 -4.254155517E+01 
       104 -3.099359386E-02  1.614101256E-02 -3.077877473E-02 -3.823552958E+01 
       105 -4.326502328E-02  1.684771019E-02 -3.059485044E-02 -3.982041834E+01 
       106 -2.667237795E-02  1.645777868E-02 -3.056393161E-02 -3.753830118E+01 
       107 -3.153444253E-02 -1.684633147E-02 -3.050220384E-02 -4.090503548E+01 
       108 -4.874442334E-02 -1.360470010E-02 -3.039911974E-02 -3.984469928E+01 
       109 -6.213210828E-02  3.365997099E-02 -3.037791646E-02 -4.616370232E+01 
       110 -7.807079234E-02  3.368413113E-02 -3.036127846E-02 -4.263481447E+01 
       111 -4.618367971E-02 -1.630615940E-02 -3.035934975E-02 -4.189966047E+01 
       112 -4.872675610E-02  1.377472041E-02 -3.033297845E-02 -4.054892486E+01 
       113 -7.806714963E-02  3.151749820E-02 -3.032798341E-02 -4.240175820E+01 
       114 -6.205084833E-02  3.151749820E-02 -3.032563275E-02 -4.637066555E+01 
       115 -3.718114028E-02 -1.750435584E-02 -3.022689547E-02 -4.095103386E+01 
       116 -4.616768028E-02  1.662796797E-02 -3.019576125E-02 -4.012683937E+01 
       117 -4.965956501E-02 -7.194635633E-03 -3.019134549E-02 -4.065993025E+01 
       118 -1.272902061E-02 -1.676879776E-02 -3.013203064E-02 -4.708520867E+01 
       119 -4.967942539E-02  7.209595078E-03 -3.012309543E-02 -4.118669974E+01 
       120 -6.085645441E-03 -1.679594974E-02 -3.005885480E-02 -4.753920031E+01 
       121 -2.542965660E-03  1.707582496E-02 -2.999025055E-02 -3.600220369E+01 
       122 -7.494541727E-19  1.702266516E-02 -2.989843408E-02 -3.598964499E+01 
       123 -3.690238460E-02  1.802728221E-02 -2.981379797E-02 -3.896735959E+01 
       124 -7.563176648E-02  3.709999844E-02 -2.980008458E-02 -4.418281439E+01 
       125 -1.311698319E-02  1.762460856E-02 -2.969437301E-02 -3.640331896E+01 
       126 -1.745660747E-02  1.776181333E-02 -2.962599033E-02 -3.653113196E+01 
       127 -3.296852973E-02  1.836340200E-02 -2.957770001E-02 -3.843486338E+01 
       128 -7.026634815E-02  3.709999844E-02 -2.957325879E-02 -4.507600564E+01 
       129 -4.222638539E-02 -1.872085049E-02 -2.950505447E-02 -4.157754558E+01 
       130 -5.930263136E-02  3.501320282E-02 -2.947361650E-02 -4.637595629E+01 
       131 -3.792516551E-02 -1.881670039E-02 -2.943963235E-02 -4.028198105E+01 
       132 -5.930474615E-02  3.709999844E-02 -2.940898205E-02 -4.718589050E+01 
       133 -8.120961409E-02  3.498260293E-02 -2.933566828E-02 -4.225567907E+01 
       134 -4.923344755E-02 -1.314823504E-02 -2.928535378E-02 -3.922514589E+01 
       135 -8.120075809E-02  3.709999844E-02 -2.928247495E-02 -4.302856362E+01 
       136 -4.920397255E-02  1.335246521E-02 -2.924458606E-02 -4.047614896E+01 
       137 -6.503775757E-02  3.709999844E-02 -2.906030285E-02 -4.670100377E+01 
       138 -4.207236855E-02  1.963820773E-02 -2.885700533E-02 -3.932547051E+01 
       139 -4.961383706E-02 -1.184668949E-02 -2.880756064E-02 -3.953679567E+01 
       140 -4.749684861E-02 -1.801472986E-02 -2.879845923E-02 -4.245464553E+01 
       141 -4.962976160E-02  1.183784024E-02 -2.874322972E-02 -4.071611828E+01 
       142 -4.747082938E-02  1.817317271E-02 -2.871568709E-02 -3.967657574E+01 
       143 -3.855424146E-02  1.978459301E-02 -2.871187564E-02 -3.895110795E+01 
       144 -3.753174732E-02 -1.999829313E-02 -2.868930046E-02 -3.858929178E+01 
       145 -2.327076121E-02 -1.950919596E-02 -2.867443025E-02 -4.292363690E+01 
       146 -5.706938353E-02  3.367503215E-02 -2.857778791E-02 -4.605616015E+01 
       147 -8.314675403E-02  3.369297621E-02 -2.854104661E-02 -4.174563286E+01 
       148 -5.696578568E-02  3.151749820E-02 -2.850103391E-02 -4.801387300E+01 
       149 -8.318174372E-02  3.151749820E-02 -2.849133822E-02 -4.163546156E+01 
       150 -3.003903408E-02 -2.008477735E-02 -2.845384422E-02 -4.077046174E+01 
       151 -4.851304605E-02 -1.787470006E-02 -2.838125983E-02 -4.104808003E+01 
       152 -7.275851208E-02  3.709999844E-02 -2.837322088E-02 -4.462969604E+01 
       153 -5.970906029E-02  3.709999844E-02 -2.836401071E-02 -4.869348054E+01 
       154 -4.849603134E-02  1.801277813E-02 -2.831182849E-02 -3.978911641E+01 
       155 -4.354996290E-02 -2.072800642E-02 -2.812252494E-02 -4.178689316E+01 
       156 -6.778468367E-02  3.709999844E-02 -2.800723134E-02 -4.587130238E+01 
       157 -2.522191482E-02  2.057690202E-02 -2.794385912E-02 -3.760352192E+01 
       158 -4.582873469E-02 -2.056921714E-02 -2.790708916E-02 -4.315465119E+01 
       159 -4.841838652E-03  2.046022650E-02 -2.788857503E-02 -3.640444716E+01 
       160 -8.059104217E-02  3.709999844E-02 -2.770628248E-02 -4.360673096E+01 
       161 -3.204230857E-02  2.118920180E-02 -2.762672231E-02 -3.831301265E+01 
       162 -4.372751541E-02  2.132744343E-02 -2.759350173E-02 -3.928430791E+01 
       163 -5.009999871E-02 -2.145275474E-03 -2.755729718E-02 -4.083105994E+01 
       164 -5.009999871E-02  2.167736884E-03 -2.755590778E-02 -4.113911817E+01 
       165 -1.030216055E-02  2.094051286E-02 -2.755310059E-02 -3.690559891E+01 
       166 -1.533820505E-02 -2.082793283E-02 -2.751467249E-02 -5.020315062E+01 
       167 -4.558570549E-02  2.117801825E-02 -2.749601442E-02 -3.929293967E+01 
       168 -6.285263439E-02  3.709999844E-02 -2.748338542E-02 -4.766782136E+01 
       169 -5.462978035E-02 -3.050000034E-02 -2.743942849E-02 -4.725306335E+01 
       170 -5.462978035E-02 -2.787629517E-02 -2.743942849E-02 -4.465294337E+01 
       171 -5.462978035E-02 -2.482890081E-02 -2.743942849E-02 -4.203505537E+01 
       172 -5.462978035E-02 -2.226716933E-02 -2.743942849E-02 -4.075600834E+01 
       173 -5.462978035E-02 -1.703163811E-02 -2.743942849E-02 -3.918829083E+01 
       174 -5.462978035E-02 -1.202514511E-02 -2.743942849E-02 -3.936145621E+01 
       175 -5.462978035E-02 -7.012547070E-03 -2.743942849E-02 -4.016355716E+01 
       176 -5.462978035E-02 -1.914009811E-03 -2.743942849E-02 -4.074797266E+01 
       177 -5.462978035E-02  3.232158095E-03 -2.743942849E-02 -4.099566459E+01 
       178 -5.462978035E-02  8.406130417E-03 -2.743942849E-02 -4.052166514E+01 
       179 -5.462978035E-02  1.355900501E-02 -2.743942849E-02 -3.916352907E+01 
       180 -5.462978035E-02  1.865009095E-02 -2.743942849E-02 -3.672229486E+01 
       181 -5.462978035E-02  2.379908961E-02 -2.743942849E-02 -3.330761562E+01 
       182 -5.462978035E-02  2.912044194E-02 -2.743942849E-02 -3.282870214E+01 
       183 -5.462978035E-02  3.151749820E-02 -2.743942849E-02 -4.106319777E+01 
       184 -2.040365904E-02  2.128138077E-02 -2.740472633E-02 -3.744997762E+01 
       185 -7.823226629E-02  3.709999844E-02 -2.732033009E-02 -4.395507081E+01 
       186 -5.009999871E-02 -6.477116894E-03 -2.717638355E-02 -4.020862590E+01 
       187 -2.121235540E-02 -2.133590365E-02 -2.717517196E-02 -4.637805287E+01 
       188 -5.009999871E-02  6.489207142E-03 -2.716863775E-02 -4.096194918E+01 
       189 -3.198779465E-03 -2.122873960E-02 -2.709692150E-02 -5.365121783E+01 
       190 -5.418433494E-02  3.500707672E-02 -2.705528923E-02 -4.436996358E+01 
       191 -4.917732762E-02 -1.729201652E-02 -2.703597119E-02 -4.011938160E+01 
       192 -4.914408030E-02  1.745177940E-02 -2.699728547E-02 -3.973210416E+01 
       193 -5.397912403E-02  2.366190519E-02 -2.699668755E-02 -3.517253721E+01 
       194 -5.420853344E-02  3.709999844E-02 -2.699611415E-02 -4.662195562E+01 
       195 -7.494541727E-19 -2.113538637E-02 -2.697856579E-02 -5.411329004E+01 
       196 -8.629169071E-02  3.497006641E-02 -2.686754225E-02 -4.132427289E+01 
       197 -2.735938571E-02  2.211655732E-02 -2.685653610E-02 -3.818172268E+01 
       198 -8.628410581E-02  3.709999844E-02 -2.680413949E-02 -4.196590600E+01 
       199 -4.952514431E-02 -1.628744117E-02 -2.678560271E-02 -3.940059169E+01 
       200 -5.360712113E-02 -2.766445058E-02 -2.676648036E-02 -4.547169135E+01 
       201 -3.464701631E-02 -2.215260655E-02 -2.676639422E-02 -3.736183600E+01 
       202 -4.954128270E-02  1.626022065E-02 -2.673564885E-02 -3.995312201E+01 
       203 -3.167171284E-02 -2.231530159E-02 -2.670816633E-02 -3.878244594E+01 
       204 -4.218803497E-02 -2.260312418E-02 -2.662524596E-02 -3.962685468E+01 
       205 -5.009999871E-02  8.315141115E-07 -2.658980741E-02 -4.092749269E+01 
       206 -4.006826356E-02 -2.261334540E-02 -2.658540007E-02 -3.769381145E+01 
       207 -5.319328301E-02  3.430874832E-02 -2.649738784E-02 -4.154146398E+01 
       208 -5.318681412E-02  2.887440946E-02 -2.648391461E-02 -3.527687579E+01 
       209 -5.009999871E-02 -1.089867680E-02 -2.643418869E-02 -3.953879739E+01 
       210 -5.009999871E-02  1.090592123E-02 -2.641676916E-02 -4.043971193E+01 
       211 -5.009999871E-02 -5.053453564E-03 -2.638725423E-02 -4.042266101E+01 
       212 -5.009999871E-02  5.055180285E-03 -2.637856503E-02 -4.098008006E+01 
       213 -3.738477448E-02  2.289508959E-02 -2.623727645E-02 -3.867336505E+01 
       214 -5.283061723E-02 -1.914339839E-03 -2.620686636E-02 -4.063130498E+01 
       215 -5.282722274E-02  3.226977241E-03 -2.620454087E-02 -4.096984044E+01 
       216 -5.282053160E-02 -7.007033995E-03 -2.619995694E-02 -4.005999357E+01 
       217 -5.281848333E-02  8.391450394E-03 -2.619855372E-02 -4.067723507E+01 
       218 -5.281077440E-02 -1.697686371E-02 -2.619327252E-02 -3.970195562E+01 
       219 -5.279742937E-02 -1.200550920E-02 -2.618413017E-02 -3.939221156E+01 
       220 -5.278672826E-02  1.352534418E-02 -2.617679911E-02 -3.978234061E+01 
       221 -5.275719498E-02  1.858206627E-02 -2.615656659E-02 -3.819082227E+01 
       222 -5.265098220E-02  2.511866654E-02 -2.611093250E-02 -3.466048273E+01 
       223 -3.422105190E-02  2.308242168E-02 -2.605083024E-02 -3.856994334E+01 
       224 -4.254395425E-02  2.329666962E-02 -2.599355223E-02 -3.893928690E+01 
       225 -5.235731814E-02 -2.939266959E-02 -2.590620702E-02 -4.759391846E+01 
       226 -5.244204121E-02 -2.215344949E-02 -2.589049198E-02 -4.107443995E+01 
       227 -5.235414730E-02 -3.050000034E-02 -2.587128331E-02 -4.759610865E+01 
       228 -8.788032454E-02  3.372298990E-02 -2.586356581E-02 -4.099544847E+01 
       229 -5.231706850E-02  1.940693550E-02 -2.585547870E-02 -3.742549908E+01 
       230 -8.795556427E-02  3.151749820E-02 -2.578121503E-02 -4.112676209E+01 
       231 -5.009999871E-02 -1.008546946E-02 -2.577774834E-02 -3.979466970E+01 
       232 -5.009999871E-02  1.008699527E-02 -2.575253297E-02 -4.059411184E+01 
       233 -8.559165174E-02  3.709999844E-02 -2.570535189E-02 -4.271891595E+01 
       234 -3.828069257E-02  2.357551070E-02 -2.567503409E-02 -3.870504588E+01 
       235 -8.233810730E-02  3.709999844E-02 -2.564508819E-02 -4.333057605E+01 
       236 -4.750396645E-02 -2.197829678E-02 -2.562946875E-02 -4.418325521E+01 
       237 -5.198049014E-02  1.506815019E-02 -2.562446532E-02 -3.938038324E+01 
       238 -4.881424795E-02  2.107098653E-02 -2.562430906E-02 -3.923019387E+01 
       239 -5.195270468E-02  1.008699527E-02 -2.560543019E-02 -4.041573981E+01 
       240 -4.879793340E-02 -2.114040502E-02 -2.560206624E-02 -4.309900076E+01 
       241 -5.193091610E-02 -1.506751958E-02 -2.559050337E-02 -3.939147076E+01 
       242 -5.192792028E-02  5.055180285E-03 -2.558845101E-02 -4.091261809E+01 
       243 -5.191606901E-02  8.315141115E-07 -2.558033200E-02 -4.084349042E+01 
       244 -5.191556516E-02 -1.008546946E-02 -2.557998682E-02 -3.972824940E+01 
       245 -4.749162365E-02  2.207353207E-02 -2.557991359E-02 -3.887684743E+01 
       246 -5.191064634E-02 -5.053453564E-03 -2.557661706E-02 -4.031677714E+01 
       247 -5.199391022E-02 -2.361838019E-02 -2.557321172E-02 -4.272515340E+01 
       248 -5.505564617E-02  3.709999844E-02 -2.557258215E-02 -5.021133629E+01 
       249 -5.757307742E-02  3.709999844E-02 -2.556185884E-02 -4.932126578E+01 
       250 -5.175678567E-02  3.709999844E-02 -2.555534719E-02 -4.526347646E+01 
       251 -1.144379989E-02  2.352734061E-02 -2.552489580E-02 -3.716550793E+01 
       252 -5.181626103E-02 -2.047975136E-02 -2.546054381E-02 -4.047458941E+01 
       253 -5.181114359E-02  3.323963619E-02 -2.543722153E-02 -3.801294516E+01 
       254 -5.178041402E-02  3.052790225E-02 -2.540459282E-02 -3.695974779E+01 
       255 -1.918517495E-02  2.404271934E-02 -2.509229392E-02 -3.782097247E+01 
       256 -2.308027373E-03  2.399399388E-02 -2.500427738E-02 -3.558320135E+01 
       257 -3.064216919E-02 -2.426488442E-02 -2.499934466E-02 -3.843032618E+01 
       258 -7.494541727E-19  2.394298958E-02 -2.495637574E-02 -3.488971853E+01 
       259 -4.936250892E-02  1.989908893E-02 -2.492747005E-02 -3.953169247E+01 
       260 -5.094801748E-02  2.012767696E-02 -2.491960999E-02 -3.853830119E+01 
       261 -4.361002129E-02 -2.451082943E-02 -2.488555210E-02 -4.007784297E+01 
       262 -4.934906839E-02 -2.002708562E-02 -2.486980471E-02 -4.160587998E+01 
       263 -3.774246649E-02 -2.457880447E-02 -2.481716961E-02 -3.643904287E+01 
       264 -5.067742507E-02  2.240102097E-02 -2.468446911E-02 -3.793124530E+01 
       265 -2.270031137E-02 -2.444166904E-02 -2.468239723E-02 -4.657453642E+01 
       266 -5.414058861E-02 -3.050000034E-02 -2.466508315E-02 -4.637694898E+01 
       267 -5.038721279E-02  2.449467043E-02 -2.452385413E-02 -3.703764564E+01 
       268 -7.322811475E-02  3.709999844E-02 -2.445670177E-02 -4.501815288E+01 
       269 -5.009999871E-02 -1.508873199E-02 -2.433618717E-02 -3.961691094E+01 
       270 -5.009999871E-02 -1.009121569E-02 -2.433618717E-02 -3.969623235E+01 
       271 -5.009999871E-02 -5.055210463E-03 -2.433618717E-02 -4.026678464E+01 
       272 -5.009999871E-02  8.871312993E-07 -2.433618717E-02 -4.075675738E+01 
       273 -5.009999871E-02  5.057244274E-03 -2.433618717E-02 -4.085599873E+01 
       274 -5.009999871E-02  1.010116813E-02 -2.433618717E-02 -4.047330156E+01 
       275 -5.009999871E-02  1.510059289E-02 -2.433618717E-02 -3.987706691E+01 
       276 -4.670066296E-02 -2.389172235E-02 -2.425697998E-02 -4.362835333E+01 
       277 -4.366599670E-02  2.506486568E-02 -2.425595274E-02 -3.892913250E+01 
       278 -1.531604629E-02  2.485909262E-02 -2.415429652E-02 -3.744911357E+01 
       279 -7.649264239E-02  3.709999844E-02 -2.405231607E-02 -4.446253697E+01 
       280 -4.975988214E-02  1.989200030E-02 -2.404866554E-02 -3.939470074E+01 
       281 -4.972405769E-02 -2.000786668E-02 -2.401738346E-02 -4.129974447E+01 
       282 -6.820847500E-02  3.709999844E-02 -2.400382273E-02 -4.650139274E+01 
       283 -4.732752658E-02  2.405393437E-02 -2.391680139E-02 -3.911291578E+01 
       284 -4.955399424E-02  2.497907598E-02 -2.380199841E-02 -3.760633156E+01 
       285 -4.943176731E-02  2.215829864E-02 -2.377128974E-02 -3.883245568E+01 
       286 -1.200369404E-02 -2.497952102E-02 -2.375694818E-02 -5.651864452E+01 
       287 -3.855305078E-02  2.559443765E-02 -2.375119325E-02 -3.844669515E+01 
       288 -4.956849067E-02  3.507152990E-02 -2.371128464E-02 -3.796578125E+01 
       289 -4.935804009E-02 -2.240785956E-02 -2.370699495E-02 -4.343895149E+01 
       290 -6.163910070E-03 -2.500053289E-02 -2.370569272E-02 -5.975667607E+01 
       291 -4.961543824E-02  3.709999844E-02 -2.370310874E-02 -4.456327090E+01 
       292 -4.940112586E-02 -2.519554015E-02 -2.366147754E-02 -4.443711220E+01 
       293 -4.538345578E-02  2.537554643E-02 -2.362458527E-02 -3.932197804E+01 
       294 -2.659444376E-02 -2.545022546E-02 -2.358278587E-02 -4.204900396E+01 
       295 -9.086323501E-02  3.492306626E-02 -2.351982938E-02 -4.102395160E+01 
       296 -4.922870288E-02 -2.800743406E-02 -2.349767927E-02 -4.647703708E+01 
       297 -2.763854771E-02  2.571538067E-02 -2.346084624E-02 -3.849713503E+01 
       298 -9.086000449E-02  3.709999844E-02 -2.344395515E-02 -4.237774907E+01 
       299 -4.722901992E-02 -2.434384543E-02 -2.341172472E-02 -4.466890285E+01 
       300 -4.911795580E-02  2.857564212E-02 -2.338814145E-02 -3.745066190E+01 
       301 -6.309220675E-02  3.709999844E-02 -2.330236581E-02 -4.779707498E+01 
       302 -2.146041384E-02  2.613397346E-02 -2.303033987E-02 -3.816583772E+01 
       303 -3.808665848E-02 -2.619923974E-02 -2.298018711E-02 -3.520198206E+01 
       304 -4.853694125E-02  2.420740998E-02 -2.292999527E-02 -3.863999681E+01 
       305 -7.140264257E-02  3.709999844E-02 -2.289992775E-02 -4.601074367E+01 
       306 -3.238574032E-02  2.625965166E-02 -2.288359194E-02 -3.857699540E+01 
       307 -4.197914284E-02 -2.638895193E-02 -2.283302068E-02 -3.720702380E+01 
       308 -4.124323083E-02  2.644879923E-02 -2.282816769E-02 -3.853184892E+01 
       309 -4.841444171E-02 -2.448572409E-02 -2.281268674E-02 -4.499924349E+01 
       310 -4.841576291E-02 -3.050000034E-02 -2.270145340E-02 -4.487469049E+01 
       311 -5.336061673E-02  3.709999844E-02 -2.268177490E-02 -5.007409755E+01 
       312 -4.833036512E-02 -2.905374832E-02 -2.266248911E-02 -4.627217498E+01 
       313 -4.277925094E-03  2.630942974E-02 -2.265874701E-02 -3.494263753E+01 
       314 -2.642535583E-02  2.645912454E-02 -2.262972191E-02 -3.845861494E+01 
       315 -8.709589576E-02  3.709999844E-02 -2.256062440E-02 -4.237258706E+01 
       316 -5.061629767E-02  3.709999844E-02 -2.249992936E-02 -5.079183845E+01 
       317 -8.041952848E-03  2.647132388E-02 -2.243251271E-02 -3.616944692E+01 
       318 -9.208443029E-02  3.376875368E-02 -2.240764542E-02 -4.132994175E+01 
       319 -5.987093510E-02  3.709999844E-02 -2.229984563E-02 -4.846070810E+01 
       320 -9.219736888E-02  3.151749820E-02 -2.227299946E-02 -4.371240444E+01 
       321 -6.533985810E-02  3.709999844E-02 -2.207560661E-02 -4.739202384E+01 
       322 -8.946575738E-02  3.709999844E-02 -2.193576542E-02 -4.332151336E+01 
       323 -4.757718397E-02  3.398636925E-02 -2.186303475E-02 -3.669921284E+01 
       324 -3.341472011E-02  2.718460816E-02 -2.181253462E-02 -3.821245740E+01 
       325 -3.634858316E-02  2.717091890E-02 -2.177533379E-02 -3.802612980E+01 
       326 -3.344299231E-02 -2.715355741E-02 -2.176245416E-02 -3.614367827E+01 
       327 -4.737473040E-02  2.940064129E-02 -2.163746250E-02 -3.788161145E+01 
       328 -3.660868632E-02 -2.727521484E-02 -2.163222574E-02 -3.447964616E+01 
       329 -8.086182292E-02  3.709999844E-02 -2.144181000E-02 -4.396959243E+01 
       330 -4.573744156E-02 -2.737941489E-02 -2.142121603E-02 -4.217666897E+01 
       331 -4.700106600E-02 -2.842414820E-02 -2.139278846E-02 -4.406828940E+01 
       332 -5.009590032E-02 -3.050000034E-02 -2.128618831E-02 -4.266251506E+01 
       333 -4.325846419E-02 -2.767456281E-02 -2.125431126E-02 -3.890061577E+01 
       334 -4.561792112E-02  2.746894492E-02 -2.114791726E-02 -3.884962545E+01 
       335 -4.694424941E-02  3.091728709E-02 -2.112796361E-02 -3.681514606E+01 
       336 -7.832590121E-02  3.709999844E-02 -2.107304202E-02 -4.477386462E+01 
       337 -4.658802891E-02 -3.050000034E-02 -2.095173453E-02 -4.240607931E+01 
       338 -4.154775378E-02  2.791938612E-02 -2.092928482E-02 -3.790309124E+01 
       339 -4.657417357E-02 -2.755069689E-02 -2.086781503E-02 -4.300789333E+01 
       340 -4.643557511E-02  2.768381404E-02 -2.069831928E-02 -3.839574950E+01 
       341 -9.402208775E-02 -3.050000034E-02 -2.049350180E-02 -4.016849078E+01 
       342 -9.402208775E-02 -2.806626086E-02 -2.049350180E-02 -4.408697129E+01 
       343 -9.402208775E-02 -2.223513681E-02 -2.049350180E-02 -4.361716729E+01 
       344 -9.402208775E-02 -1.555456031E-02 -2.049350180E-02 -4.383391862E+01 
       345 -9.402208775E-02 -7.740274420E-03 -2.049350180E-02 -4.397930197E+01 
       346 -9.402208775E-02  6.674938103E-04 -2.049350180E-02 -4.386246610E+01 
       347 -9.402208775E-02  9.148849951E-03 -2.049350180E-02 -4.362111718E+01 
       348 -9.402208775E-02  1.685146254E-02 -2.049350180E-02 -4.289249738E+01 
       349 -9.402208775E-02  2.344238091E-02 -2.049350180E-02 -4.236062223E+01 
       350 -9.402208775E-02  2.911543540E-02 -2.049350180E-02 -4.178026240E+01 
       351 -9.402208775E-02  3.151749820E-02 -2.049350180E-02 -4.284324296E+01 
       352 -4.602875359E-02 -2.945874869E-02 -2.026632233E-02 -4.273525401E+01 
       353 -4.298814237E-02 -2.839662213E-02 -2.026231076E-02 -3.802964410E+01 
       354 -4.291057060E-02  2.842536255E-02 -2.024395764E-02 -3.794506523E+01 
       355 -1.453597939E-02  2.847591183E-02 -1.996342845E-02 -3.651142668E+01 
       356 -3.848151540E-02  2.866797339E-02 -1.991763541E-02 -3.746727180E+01 
       357 -1.904063863E-02 -2.813948897E-02 -1.991632297E-02 -5.111167999E+01 
       358 -5.876327011E-02  3.709999844E-02 -1.989193509E-02 -4.832331035E+01 
       359 -2.727563280E-02 -2.856513603E-02 -1.982509205E-02 -4.225763376E+01 
       360 -5.530907163E-02  3.709999844E-02 -1.981884690E-02 -4.863107648E+01 
       361 -4.561244674E-02 -2.868367390E-02 -1.975612317E-02 -4.073461184E+01 
       362 -4.572995698E-02  3.709999844E-02 -1.972205323E-02 -4.321976645E+01 
       363 -4.931427857E-02  3.709999844E-02 -1.969248332E-02 -5.027152248E+01 
       364 -4.566683339E-02  3.614515061E-02 -1.968859733E-02 -3.446642560E+01 
       365 -1.548647887E-02 -2.844544390E-02 -1.962692723E-02 -5.743634962E+01 
       366 -7.494541727E-19  2.870002992E-02 -1.958692291E-02 -3.217696484E+01 
       367 -2.331820268E-03  2.876732469E-02 -1.956631559E-02 -3.305492818E+01 
       368 -8.360804341E-02  3.709999844E-02 -1.955546645E-02 -4.354660202E+01 
       369 -3.256314882E-03 -2.837077341E-02 -1.954345493E-02 -6.455880232E+01 
       370 -9.039440595E-02  3.709999844E-02 -1.954085247E-02 -4.397444940E+01 
       371 -9.473094224E-02 -2.210752577E-02 -1.947408541E-02 -4.361078917E+01 
       372 -2.003884511E-02  2.888009161E-02 -1.947327058E-02 -3.721250965E+01 
       373 -7.494541727E-19 -2.823077234E-02 -1.944729724E-02 -6.416887057E+01 
       374 -4.276445966E-02 -2.897240040E-02 -1.942915454E-02 -3.601713760E+01 
       375 -1.030070087E-02  2.886915855E-02 -1.939973883E-02 -3.542924345E+01 
       376 -5.027965771E-02 -3.050000034E-02 -1.935887470E-02 -3.942126053E+01 
       377 -9.480156739E-02  3.490649878E-02 -1.931903994E-02 -4.113282385E+01 
       378 -9.478187918E-02  3.709999844E-02 -1.923518236E-02 -4.366254321E+01 
       379 -4.634564022E-02  3.709999844E-02 -1.913677043E-02 -5.089850486E+01 
       380 -2.669824666E-02  2.918737212E-02 -1.911815953E-02 -3.786010955E+01 
       381 -4.517979886E-02 -3.050000034E-02 -1.911339694E-02 -3.906694954E+01 
       382 -9.508173580E-02  2.884584826E-02 -1.899490817E-02 -4.191093831E+01 
       383 -6.561608808E-02  3.709999844E-02 -1.899298849E-02 -4.805716659E+01 
       384 -9.507142016E-02 -1.546008676E-02 -1.897647779E-02 -4.375229341E+01 
       385 -3.075404566E-02 -2.923463340E-02 -1.896816034E-02 -3.807140916E+01 
       386 -5.313523405E-02 -3.050000034E-02 -1.896343872E-02 -4.051879254E+01 
       387 -9.520728004E-02 -7.750223052E-03 -1.874444507E-02 -4.395709126E+01 
       388 -9.528659039E-02  3.430874832E-02 -1.872305561E-02 -4.131433658E+01 
       389 -9.527653497E-02  2.319082002E-02 -1.871152401E-02 -4.245493747E+01 
       390 -9.521223164E-02  6.450690678E-04 -1.870609239E-02 -4.389262247E+01 
       391 -9.523308013E-02  9.048686199E-03 -1.869498708E-02 -4.364089917E+01 
       392 -9.530786665E-02 -2.782343376E-02 -1.863954464E-02 -4.515387961E+01 
       393 -1.644648293E-02  2.940407898E-02 -1.861895968E-02 -3.597237749E+01 
       394 -9.533862638E-02  1.668310951E-02 -1.858485482E-02 -4.305125854E+01 
       395 -7.209513785E-02  3.709999844E-02 -1.857085283E-02 -4.686664861E+01 
       396 -3.797304056E-02 -2.951355305E-02 -1.856590837E-02 -3.319325594E+01 
       397 -4.472705126E-02 -2.952009761E-02 -1.856441617E-02 -3.832553417E+01 
       398 -2.751865054E-02  2.957622319E-02 -1.850095279E-02 -3.725341535E+01 
       399 -3.242022168E-02  2.959202380E-02 -1.841940474E-02 -3.724441905E+01 
       400 -9.360015049E-02  3.709999844E-02 -1.838782614E-02 -4.647496788E+01 
       401 -9.558069706E-02 -2.375021857E-02 -1.824976413E-02 -4.445997395E+01 
       402 -4.927463948E-02 -3.050000034E-02 -1.810823758E-02 -3.618033230E+01 
       403 -4.068422164E-02 -2.982047175E-02 -1.807048828E-02 -3.345111066E+01 
       404 -9.571184391E-02 -2.861680817E-02 -1.801276852E-02 -4.633261207E+01 
       405 -3.131622121E-02  2.984821996E-02 -1.795458137E-02 -3.695983953E+01 
       406 -9.569541593E-02 -3.050000034E-02 -1.794533407E-02 -3.748223523E+01 
       407 -4.433483453E-02  3.143377774E-02 -1.793999846E-02 -3.509332753E+01 
       408 -3.822309132E-02  2.991517327E-02 -1.791553128E-02 -3.637812132E+01 
       409 -4.310185437E-02  2.996176045E-02 -1.790197622E-02 -3.642930651E+01 
       410 -9.356466912E-02 -3.050000034E-02 -1.789935543E-02 -3.338514727E+01 
       411 -9.590092115E-02 -1.780396325E-02 -1.778035841E-02 -4.364441908E+01 
       412 -2.248085285E-02  3.005277079E-02 -1.772003894E-02 -3.680618666E+01 
       413 -4.689880343E-02 -3.050000034E-02 -1.771186511E-02 -3.401422489E+01 
       414 -9.601688975E-02  3.332111743E-02 -1.768757687E-02 -4.179687421E+01 
       415 -7.614281524E-02  3.709999844E-02 -1.757302577E-02 -4.620692634E+01 
       416 -9.497447304E-02 -3.050000034E-02 -1.752855256E-02 -3.009587412E+01 
       417 -4.402619828E-02  3.020045756E-02 -1.751818089E-02 -3.576428186E+01 
       418 -9.614638425E-02  2.627612286E-02 -1.748159445E-02 -4.233754661E+01 
       419 -9.159370466E-03  3.013897562E-02 -1.746214847E-02 -3.370781046E+01 
       420 -2.329778021E-02 -3.012830800E-02 -1.738338530E-02 -4.756022661E+01 
       421 -9.632689974E-02  1.967203874E-02 -1.717933600E-02 -4.282855614E+01 
       422 -4.368977621E-02 -3.050000034E-02 -1.716828533E-02 -3.354921493E+01 
       423 -4.373623887E-02  3.395326691E-02 -1.711253625E-02 -3.279722669E+01 
       424 -3.928243466E-03  3.036396099E-02 -1.709895016E-02 -3.224820934E+01 
       425 -6.993919791E-02  3.709999844E-02 -1.706231441E-02 -4.813186264E+01 
       426 -6.036400119E-02  3.709999844E-02 -1.705342206E-02 -4.833060473E+01 
       427 -9.643982836E-02 -1.141139752E-02 -1.695554719E-02 -4.401236434E+01 
       428 -9.655109303E-02  3.709999844E-02 -1.695260942E-02 -4.530507100E+01 
       429 -9.651222721E-02  1.250505581E-02 -1.683411959E-02 -4.349963928E+01 
       430 -3.545332465E-02  3.059628482E-02 -1.675681505E-02 -3.602965383E+01 
       431 -4.042836834E-02  3.062776008E-02 -1.670516675E-02 -3.523973494E+01 
       432 -6.310179301E-02  3.709999844E-02 -1.669118436E-02 -4.867034729E+01 
       433 -9.662164793E-02 -3.679686474E-03 -1.662259797E-02 -4.404183139E+01 
       434 -9.662767459E-02  4.515253736E-03 -1.660069915E-02 -4.389726503E+01 
       435 -5.140547203E-02  3.709999844E-02 -1.659841209E-02 -4.843145402E+01 
       436 -3.179345324E-02 -3.066577656E-02 -1.656314354E-02 -3.712028551E+01 
       437 -5.340880614E-02  3.709999844E-02 -1.645404263E-02 -4.803283380E+01 
       438 -4.138458585E-02 -3.087977086E-02 -1.642956546E-02 -3.259917961E+01 
       439 -8.428955299E-02  3.709999844E-02 -1.615085706E-02 -4.438465066E+01 
       440 -3.552416130E-02 -3.096394504E-02 -1.602306530E-02 -3.378768622E+01 
       441 -9.706964523E-02  3.348250607E-02 -1.601141454E-02 -4.225134157E+01 
       442 -8.739510385E-02  3.709999844E-02 -1.563720548E-02 -4.356728624E+01 
       443 -4.594841289E-02  3.709999844E-02 -1.563161132E-02 -5.032150926E+01 
       444 -4.276282738E-02  3.709999844E-02 -1.541425913E-02 -4.074821056E+01 
       445 -1.289417645E-02 -3.099900881E-02 -1.530400058E-02 -5.954231516E+01 
       446 -4.265665893E-02  3.474476902E-02 -1.530331709E-02 -3.125355428E+01 
       447 -1.615130849E-02  3.129706300E-02 -1.530027591E-02 -3.473648115E+01 
       448 -6.234384157E-03 -3.102130756E-02 -1.508379778E-02 -6.462164955E+01 
       449 -7.724889387E-02  3.709999844E-02 -1.507500978E-02 -4.706383557E+01 
       450 -3.117596422E-03  3.149466742E-02 -1.498833538E-02 -3.095167398E+01 
       451 -2.232324327E-02  3.153703573E-02 -1.491525876E-02 -3.573771090E+01 
       452 -4.368977621E-02 -3.156664223E-02 -1.489852410E-02 -3.139831439E+01 
       453 -4.368977621E-02 -3.050000034E-02 -1.488560861E-02 -3.142991467E+01 
       454 -4.200531180E-02 -3.160583650E-02 -1.486584259E-02 -3.154357147E+01 
       455 -1.042354880E-02  3.159568897E-02 -1.472939219E-02 -3.317850332E+01 
       456 -4.492267620E-02 -3.050000034E-02 -1.472182170E-02 -3.199540995E+01 
       457 -9.402047700E-02  3.709999844E-02 -1.469986898E-02 -4.684905802E+01 
       458 -5.468488552E-02  3.709999844E-02 -1.461455255E-02 -4.775115836E+01 
       459 -4.392012602E-02  3.709999844E-02 -1.459549492E-02 -5.077728877E+01 
       460 -2.703790690E-02  3.178560166E-02 -1.442400013E-02 -3.623491231E+01 
       461 -5.843137338E-02  3.709999844E-02 -1.442166871E-02 -4.835502981E+01 
       462 -9.793703014E-02  2.678252397E-02 -1.442013653E-02 -4.266873784E+01 
       463 -7.494541727E-19  3.172054824E-02 -1.440856070E-02 -2.953630810E+01 
       464 -9.786532700E-02 -1.882511885E-02 -1.440319253E-02 -4.397807868E+01 
       465 -4.211463026E-02  3.418872488E-02 -1.435434182E-02 -3.074506444E+01 
       466 -9.789848741E-02 -2.777260160E-02 -1.433891805E-02 -4.726778376E+01 
       467 -2.387964610E-02 -3.173317754E-02 -1.431487272E-02 -4.640461919E+01 
       468 -1.551817680E-03  3.179501156E-02 -1.420029771E-02 -2.982922682E+01 
       469 -4.890031291E-02  3.709999844E-02 -1.419892886E-02 -4.841695001E+01 
       470 -8.219150715E-02  3.709999844E-02 -1.416170664E-02 -4.622111880E+01 
       471 -4.058576590E-02  3.190879595E-02 -1.415985971E-02 -3.360340735E+01 
       472 -9.802910479E-02  3.577004425E-02 -1.404710144E-02 -4.248272650E+01 
       473 -3.557939153E-02  3.196666622E-02 -1.402443719E-02 -3.498407496E+01 
       474 -9.801922326E-02  3.709999844E-02 -1.400134463E-02 -4.617631649E+01 
       475 -9.807214447E-02 -2.300980488E-02 -1.393526121E-02 -4.529738158E+01 
       476 -1.398978079E-02  3.191036881E-02 -1.392971328E-02 -3.373966464E+01 
       477 -4.188120653E-02  3.208320483E-02 -1.378012644E-02 -3.234110030E+01 
       478 -3.031146319E-02  3.214133363E-02 -1.368295061E-02 -3.599861200E+01 
       479 -1.958855304E-02  3.211514613E-02 -1.357763057E-02 -3.482053196E+01 
       480 -5.069395827E-02 -3.050000034E-02 -1.355446145E-02 -3.387777537E+01 
       481 -2.931117050E-02 -3.216205665E-02 -1.341048355E-02 -4.015644161E+01 
       482 -9.840110254E-02  2.921432508E-02 -1.340915481E-02 -4.275674789E+01 
       483 -2.504512847E-02  3.222968347E-02 -1.340902687E-02 -3.568171477E+01 
       484 -5.214606369E-02 -3.050000034E-02 -1.335357713E-02 -3.411806277E+01 
       485 -3.066504715E-02  3.232267216E-02 -1.321406728E-02 -3.543751483E+01 
       486 -9.850428537E-02  2.011009476E-02 -1.319807352E-02 -4.322881968E+01 
       487 -9.630241572E-02  3.709999844E-02 -1.318814618E-02 -4.812891285E+01 
       488 -3.690452535E-02 -3.232545967E-02 -1.317307163E-02 -3.269466828E+01 
       489 -9.850790658E-02 -1.189502531E-02 -1.307920242E-02 -4.432324278E+01 
       490 -4.045688300E-02 -3.241264246E-02 -1.295892853E-02 -3.113371933E+01 
       491 -8.955111724E-02  3.709999844E-02 -1.295703281E-02 -4.390397848E+01 
       492 -3.849239128E-02  3.242502337E-02 -1.292141343E-02 -3.337213136E+01 
       493 -8.917679992E-03  3.246847786E-02 -1.283963262E-02 -3.216214704E+01 
       494 -3.398859912E-02  3.247454512E-02 -1.279813819E-02 -3.501637485E+01 
       495 -9.866307536E-02  1.267082614E-02 -1.276468724E-02 -4.373948678E+01 
       496 -9.864558819E-02  4.589765782E-03 -1.269566427E-02 -4.406194163E+01 
       497 -9.861492544E-02 -2.953599601E-02 -1.259990810E-02 -4.808116828E+01 
       498 -9.857998403E-02 -3.050000034E-02 -1.253755544E-02 -3.588061012E+01 
       499 -5.612066533E-03  3.258491498E-02 -1.253231034E-02 -3.105892815E+01 
       500 -9.870745292E-02 -3.802736667E-03 -1.252611412E-02 -4.425742382E+01 
       501 -9.468352990E-02 -3.050000034E-02 -1.239362331E-02 -2.843612635E+01 
       502 -9.258676438E-02 -3.050000034E-02 -1.235338291E-02 -3.304199569E+01 
       503 -6.929372340E-02  3.709999844E-02 -1.225781455E-02 -4.953622717E+01 
       504 -6.483368349E-02  3.709999844E-02 -1.219492188E-02 -4.975506952E+01 
       505 -9.903885154E-02  2.308996404E-02 -1.200202433E-02 -4.308957929E+01 
       506 -4.657693336E-02 -3.050000034E-02 -1.183253980E-02 -3.133144694E+01 
       507 -4.884267118E-02 -3.050000034E-02 -1.172886941E-02 -3.168424262E+01 
       508 -9.915177605E-02 -1.595359369E-02 -1.157866540E-02 -4.436050470E+01 
       509 -4.920206153E-02  3.709999844E-02 -1.149277786E-02 -4.802184663E+01 
       510 -9.583895332E-02 -3.050000034E-02 -1.140666452E-02 -2.812350522E+01 
       511 -4.382535856E-02  3.709999844E-02 -1.129770649E-02 -5.000400601E+01 
       512 -5.950475200E-02  3.709999844E-02 -1.113896389E-02 -4.915275874E+01 
       513 -5.358701159E-02  3.709999844E-02 -1.105894032E-02 -4.789390711E+01 
       514 -9.939689022E-02  1.623912467E-02 -1.102137529E-02 -4.363365311E+01 
       515 -4.067218940E-02  3.709999844E-02 -1.094933025E-02 -4.026987214E+01 
       516 -7.494909595E-02  3.709999844E-02 -1.094317550E-02 -4.915941866E+01 
       517 -5.012971374E-02  3.709999844E-02 -1.092404037E-02 -4.795125917E+01 
       518 -4.055514618E-02  3.568653856E-02 -1.070220783E-02 -3.066499047E+01 
       519 -3.071515719E-02 -3.325656356E-02 -1.056031780E-02 -3.752995072E+01 
       520 -9.952303952E-02 -8.078294126E-03 -1.052969871E-02 -4.442300950E+01 
       521 -2.094142005E-02 -3.297188699E-02 -1.048829541E-02 -4.755170850E+01 
       522 -9.953560357E-02  8.485421535E-03 -1.047141672E-02 -4.400197954E+01 
       523 -3.512262161E-02 -3.328873838E-02 -1.044754922E-02 -3.369270320E+01 
       524 -1.602111275E-02 -3.298257486E-02 -1.043022601E-02 -5.261680231E+01 
       525 -7.100061082E-02  3.709999844E-02 -1.037093599E-02 -5.032661602E+01 
       526 -2.511731276E-02  3.334017317E-02 -1.033660641E-02 -3.533759893E+01 
       527 -1.950919799E-02  3.333089474E-02 -1.033123216E-02 -3.462808379E+01 
       528 -9.958499942E-02  5.619735718E-05 -1.023275927E-02 -4.420655285E+01 
       529 -5.125806356E-02  3.709999844E-02 -1.023225649E-02 -4.811997285E+01 
       530 -9.966121316E-02  3.036667053E-02 -1.021864896E-02 -4.314691705E+01 
       531 -4.189953059E-02  3.709999844E-02 -1.021335128E-02 -4.904994348E+01 
       532 -1.431510087E-02  3.336984025E-02 -1.020176104E-02 -3.355598351E+01 
       533 -3.456391954E-03 -3.293394705E-02 -1.016709716E-02 -5.837639902E+01 
       534 -7.494541727E-19 -3.275354608E-02 -1.011427227E-02 -5.818039182E+01 
       535 -4.184377910E-02 -3.343828459E-02 -1.011136156E-02 -3.027739615E+01 
       536 -4.368977621E-02 -3.340843795E-02 -1.009879724E-02 -3.074581355E+01 
       537 -4.631163404E-02  3.709999844E-02 -1.007238004E-02 -4.867308931E+01 
       538 -9.611972862E-02  3.709999844E-02 -1.001550007E-02 -4.615039881E+01 
       539 -6.278788330E-02  3.709999844E-02 -9.977695977E-03 -5.021977142E+01 
       540 -4.368977621E-02 -3.158631218E-02 -9.965330978E-03 -3.099822031E+01 
       541 -4.368977621E-02 -3.050000034E-02 -9.931196269E-03 -3.069465525E+01 
       542 -2.954116284E-02  3.347561531E-02 -9.903277418E-03 -3.525995303E+01 
       543 -3.874046905E-02  3.350503158E-02 -9.857432012E-03 -3.315324444E+01 
       544 -4.482840701E-02 -3.050000034E-02 -9.830485266E-03 -3.057544429E+01 
       545 -7.494541727E-19  3.349767470E-02 -9.792583614E-03 -2.904649724E+01 
       546 -9.788067915E-03  3.352850758E-02 -9.762360671E-03 -3.237208531E+01 
       547 -9.977164917E-02 -2.357807641E-02 -9.744675829E-03 -4.564722020E+01 
       548 -4.837182219E-03  3.353776317E-02 -9.729281839E-03 -3.075337565E+01 
       549 -8.921604649E-02  3.709999844E-02 -9.728057737E-03 -4.503754498E+01 
       550 -4.368977621E-02 -3.215569101E-02 -9.725567235E-03 -3.099761615E+01 
       551 -3.449387457E-02  3.355994238E-02 -9.683500880E-03 -3.467605749E+01 
       552 -4.019974980E-02  3.476368618E-02 -9.673212459E-03 -3.135966509E+01 
       553 -9.982583544E-02  3.389492024E-02 -9.648024333E-03 -4.303707833E+01 
       554 -1.314412349E-03  3.356885249E-02 -9.562442955E-03 -2.951777954E+01 
       555 -4.017967528E-02  3.358711902E-02 -9.552213032E-03 -3.211937357E+01 
       556 -4.014468841E-02  3.436472723E-02 -9.442353946E-03 -3.187431853E+01 
       557 -2.710924630E-02  3.369910625E-02 -9.098582188E-03 -3.537047334E+01 
       558 -1.724830157E-02  3.369803013E-02 -9.060509934E-03 -3.421300795E+01 
       559 -9.595182332E-02 -3.050000034E-02 -9.025514014E-03 -3.199155186E+01 
       560 -5.653782465E-02  3.709999844E-02 -8.977620722E-03 -4.891522151E+01 
       561 -2.217807408E-02  3.374019847E-02 -8.972683181E-03 -3.509031616E+01 
       562 -1.231962941E-02  3.377600747E-02 -8.848726051E-03 -3.309752202E+01 
       563 -1.000409246E-01 -2.721148729E-02 -8.830938166E-03 -4.756984538E+01 
       564 -2.463880304E-03  3.379004055E-02 -8.802901261E-03 -3.005981807E+01 
       565 -8.302897607E-02  3.709999844E-02 -8.647332803E-03 -4.779852116E+01 
       566 -3.697599203E-02  3.385334217E-02 -8.628992665E-03 -3.397535844E+01 
       567 -4.855065048E-02  3.709999844E-02 -8.348473348E-03 -4.870966877E+01 
       568 -4.635187491E-02  3.709999844E-02 -8.348473348E-03 -4.877662951E+01 
       569 -4.186052146E-02  3.709999844E-02 -8.348473348E-03 -4.617811595E+01 
       570 -3.972644359E-02  3.709999844E-02 -8.348473348E-03 -3.753131372E+01 
       571 -1.002193993E-01 -1.709803845E-02 -8.283376484E-03 -4.451533231E+01 
       572 -3.204192881E-02  3.398736713E-02 -8.159134921E-03 -3.499530764E+01 
       573 -1.003285289E-01  2.421126794E-02 -8.069054471E-03 -4.342859915E+01 
       574 -3.965232993E-02  3.674288544E-02 -8.058316773E-03 -3.325402449E+01 
       575 -9.225641780E-02  3.709999844E-02 -7.974009771E-03 -4.450642607E+01 
       576 -5.016535362E-02 -3.050000034E-02 -7.920477874E-03 -3.026327897E+01 
       577 -5.116037716E-02 -3.050000034E-02 -7.763468744E-03 -3.041612086E+01 
       578 -4.043844870E-02 -3.405716818E-02 -7.707664887E-03 -3.013341655E+01 
       579 -3.670096480E-02 -3.406699727E-02 -7.656023583E-03 -3.211169269E+01 
       580 -8.525122874E-02  3.709999844E-02 -7.555764048E-03 -4.717675379E+01 
       581 -1.003711827E-01  3.555408876E-02 -7.526810921E-03 -4.317021311E+01 
       582 -1.003334276E-01  3.709999844E-02 -7.502322694E-03 -4.527680203E+01 
       583 -2.916544975E-02 -3.406044533E-02 -7.365014815E-03 -3.797706106E+01 
       584 -9.932156657E-02  3.709999844E-02 -7.271570976E-03 -4.646804297E+01 
       585 -3.944333643E-02  3.424296901E-02 -7.240102626E-03 -3.315481282E+01 
       586 -3.688678683E-02  3.424296901E-02 -7.240102626E-03 -3.398494377E+01 
       587 -3.197996548E-02  3.424296901E-02 -7.240102626E-03 -3.491755710E+01 
       588 -2.706791747E-02  3.424296901E-02 -7.240102626E-03 -3.525161073E+01 
       589 -2.216535123E-02  3.424296901E-02 -7.240102626E-03 -3.507221005E+01 
       590 -1.724369977E-02  3.424296901E-02 -7.240102626E-03 -3.431157915E+01 
       591 -1.233380194E-02  3.424296901E-02 -7.240102626E-03 -3.318898045E+01 
       592 -7.405478534E-03  3.424296901E-02 -7.240102626E-03 -3.169252119E+01 
       593 -2.467981507E-03  3.424296901E-02 -7.240102626E-03 -3.015721995E+01 
       594 -7.494541727E-19  3.424296901E-02 -7.240102626E-03 -2.926860203E+01 
       595 -3.944333643E-02  3.496998155E-02 -7.240102626E-03 -3.297102555E+01 
       596 -3.697599203E-02  3.498941474E-02 -7.240102626E-03 -3.404400033E+01 
       597 -3.204192881E-02  3.498941474E-02 -7.240102626E-03 -3.490936680E+01 
       598 -2.710924630E-02  3.498941474E-02 -7.240102626E-03 -3.522274701E+01 
       599 -2.217807408E-02  3.498941474E-02 -7.240102626E-03 -3.506316301E+01 
       600 -1.724830157E-02  3.498941474E-02 -7.240102626E-03 -3.430918281E+01 
       601 -1.231962941E-02  3.498941474E-02 -7.240102626E-03 -3.316814496E+01 
       602 -7.391640913E-03  3.498941474E-02 -7.240102626E-03 -3.169969631E+01 
       603 -7.494541727E-19  3.506530401E-02 -7.240102626E-03 -2.925473004E+01 
       604 -3.944333643E-02  3.573586047E-02 -7.240102626E-03 -3.320123400E+01 
       605 -3.694554318E-02  3.573586047E-02 -7.240102626E-03 -3.449986511E+01 
       606 -3.201404487E-02  3.573586047E-02 -7.240102626E-03 -3.510214717E+01 
       607 -2.708083358E-02  3.573586047E-02 -7.240102626E-03 -3.532619370E+01 
       608 -2.216302835E-02  3.573586047E-02 -7.240102626E-03 -3.512662200E+01 
       609 -1.725099755E-02  3.573586047E-02 -7.240102626E-03 -3.435607340E+01 
       610 -1.227249420E-02  3.573586047E-02 -7.240102626E-03 -3.319450224E+01 
       611 -7.341628983E-03  3.573586047E-02 -7.240102626E-03 -3.174570043E+01 
       612 -2.499484162E-03  3.573586047E-02 -7.240102626E-03 -3.018227216E+01 
       613 -7.494541727E-19  3.573586047E-02 -7.240102626E-03 -2.930634912E+01 
       614 -1.005089732E-01  2.754185130E-02 -7.180159473E-03 -4.339049521E+01 
       615 -1.004567254E-01 -2.048978107E-02 -7.177609205E-03 -4.479219356E+01 
       616 -6.316660140E-02  3.709999844E-02 -6.857975434E-03 -5.125339523E+01 
       617 -7.847910782E-02  3.709999844E-02 -6.838813021E-03 -4.973079990E+01 
       618 -2.390858322E-02 -3.419108813E-02 -6.577924495E-03 -4.130960279E+01 
       619 -4.627361145E-02 -3.050000034E-02 -6.568383899E-03 -3.001191304E+01 
       620 -4.831908019E-02 -3.050000034E-02 -6.428971378E-03 -2.939970142E+01 
       621 -5.655706197E-02  3.709999844E-02 -6.427757955E-03 -4.965795856E+01 
       622 -1.006294341E-01  8.606331934E-03 -6.416023951E-03 -4.411911901E+01 
       623 -5.098330658E-02  3.709999844E-02 -6.413475846E-03 -4.874119626E+01 
       624 -9.153149192E-02 -3.050000034E-02 -6.368626641E-03 -3.756189213E+01 
       625 -1.005800581E-01 -2.868525705E-02 -6.360265074E-03 -4.721295139E+01 
       626 -1.005059803E-01 -3.050000034E-02 -6.320366811E-03 -4.029265814E+01 
       627 -9.941094267E-02 -3.050000034E-02 -6.117579955E-03 -3.314376768E+01 
       628 -4.940697921E-02  3.709999844E-02 -6.115990278E-03 -4.917870035E+01 
       629 -9.282979803E-02 -3.050000034E-02 -6.109091795E-03 -3.668028819E+01 
       630 -1.007129014E-01  1.679991802E-02 -6.027971411E-03 -4.395947499E+01 
       631 -1.006927727E-01  1.838771289E-04 -5.981309548E-03 -4.433170444E+01 
       632 -6.968210052E-02  3.709999844E-02 -5.627870041E-03 -5.209273181E+01 
       633 -1.007271528E-01 -8.658725835E-03 -5.512299996E-03 -4.458359644E+01 
       634 -1.298591910E-02 -3.420925552E-02 -5.157115177E-03 -4.561355527E+01 
       635 -4.189681301E-02 -3.455040886E-02 -5.140910783E-03 -2.967485226E+01 
       636 -4.368977621E-02 -3.451568293E-02 -5.133663120E-03 -3.040690573E+01 
       637 -4.368977621E-02 -3.232113678E-02 -5.078208614E-03 -3.053997887E+01 
       638 -6.396430890E-03 -3.415095681E-02 -5.042723859E-03 -4.727190983E+01 
       639 -4.368977621E-02 -3.050000034E-02 -4.990925954E-03 -3.030803964E+01 
       640 -4.462695952E-02 -3.050000034E-02 -4.941453260E-03 -3.007010507E+01 
       641 -4.368977621E-02 -3.263387448E-02 -4.857535667E-03 -3.106667246E+01 
       642 -5.325857680E-02  3.709999844E-02 -4.842114654E-03 -4.927865307E+01 
       643 -1.009603127E-01  2.041491453E-02 -4.733924270E-03 -4.390765192E+01 
       644 -5.900247138E-02  3.709999844E-02 -4.674359310E-03 -5.084233062E+01 
       645 -3.528171357E-02 -3.457997999E-02 -4.668020546E-03 -3.238577395E+01 
       646 -6.602562773E-02  3.709999844E-02 -4.615192634E-03 -5.230152627E+01 
       647 -7.765428491E-02  3.709999844E-02 -4.353452070E-03 -5.135930293E+01 
       648 -3.139169996E-02 -3.461276807E-02 -4.296695687E-03 -3.429560456E+01 
       649 -2.341905839E-02 -3.464704107E-02 -4.134689041E-03 -3.762733050E+01 
       650 -1.010426383E-01 -1.269962159E-02 -3.936445444E-03 -4.464904960E+01 
       651 -9.288551604E-02  3.709999844E-02 -3.891738453E-03 -4.503183907E+01 
       652 -1.010568997E-01  1.312485874E-02 -3.751536455E-03 -4.418697532E+01 
       653 -1.010725932E-01  2.921855589E-02 -3.626733558E-03 -4.387901829E+01 
       654 -1.010245811E-01  4.307621443E-03 -3.624656890E-03 -4.429908292E+01 
       655 -1.011024652E-01  3.302531728E-02 -3.251581255E-03 -4.367708568E+01 
       656 -9.745117922E-02  3.709999844E-02 -3.250202205E-03 -4.546127353E+01 
       657 -1.011450484E-01 -2.207008909E-02 -3.195458828E-03 -4.500954692E+01 
       658 -7.241508056E-02  3.709999844E-02 -2.972681924E-03 -5.252061123E+01 
       659 -1.011086042E-01 -4.581547266E-03 -2.955940515E-03 -4.454029166E+01 
       660 -8.616905835E-02  3.709999844E-02 -2.819577221E-03 -4.818714520E+01 
       661 -1.011143167E-01 -2.638528409E-02 -2.693208777E-03 -4.575789922E+01 
       662 -4.059333934E-02 -3.483755061E-02 -2.456734251E-03 -2.998365631E+01 
       663 -9.413358957E-02 -3.050000034E-02 -2.399990396E-03 -3.858877660E+01 
       664 -4.945804636E-02 -3.050000034E-02 -2.367490403E-03 -2.889069574E+01 
       665 -5.046399957E-02 -3.050000034E-02 -2.293320135E-03 -2.895078397E+01 
       666 -3.704767231E-02 -3.485214144E-02 -2.185453995E-03 -3.096273190E+01 
       667 -9.781866243E-02 -3.050000034E-02 -2.166556503E-03 -3.692148951E+01 
       668 -4.589149236E-02 -3.050000034E-02 -2.057501147E-03 -2.997469542E+01 
       669 -5.895960125E-02  3.709999844E-02 -1.686465062E-03 -5.113671333E+01 
       670 -5.317395686E-02  3.709999844E-02 -1.661368459E-03 -4.986733241E+01 
       671 -4.848120737E-02 -3.050000034E-02 -1.654818977E-03 -2.918766402E+01 
       672 -9.068966041E-02  3.709999844E-02 -1.638201248E-03 -4.656620311E+01 
       673 -6.507167639E-02  3.709999844E-02 -1.285767139E-03 -5.273193920E+01 
       674 -5.146617502E-02  3.709999844E-02 -1.107339564E-03 -4.965501368E+01 
       675 -1.013035960E-01  2.196235661E-02 -4.966179593E-04 -4.434352824E+01 
       676 -1.013377479E-01  1.290776639E-02 -4.472982667E-04 -4.451318872E+01 
       677 -9.047440902E-02 -3.050000034E-02 -3.736040757E-04 -4.125188345E+01 
       678 -6.065393424E-02  3.709999844E-02 -2.498743242E-04 -5.200238560E+01 
       679 -2.997411206E-02 -3.480454925E-02 -2.145378551E-04 -3.246252369E+01 
       680 -1.013235698E-01 -1.418291488E-02 -1.470871955E-04 -4.484655327E+01 
       681 -5.535127055E-02  3.709999844E-02 -1.034270847E-04 -5.049172396E+01 
       682 -9.217657439E-02 -3.050000034E-02 -8.027509707E-05 -4.075546024E+01 
       683 -4.368977621E-02 -3.488970716E-02 -6.237761672E-05 -3.144414016E+01 
       684 -4.214723083E-02 -3.492397053E-02 -6.177086846E-05 -2.992932668E+01 
       685 -4.368977621E-02 -3.050000034E-02 -5.240438189E-05 -3.070172073E+01 
       686 -4.368977621E-02 -3.269546708E-02 -4.231944524E-06 -3.190435480E+01 
       687 -7.494541727E-19 -3.429746463E-02  3.811300366E-05 -3.472789737E+01 
       688 -3.634388313E-03 -3.452053161E-02  4.795433476E-05 -3.442244665E+01 
       689 -1.012745200E-01  2.645822624E-02  5.467424316E-05 -4.437170248E+01 
       690 -1.947557335E-02 -3.448222815E-02  9.558171320E-05 -3.377552899E+01 
       691 -9.917512841E-02  3.709999844E-02  1.285282613E-04 -4.571762454E+01 
       692 -1.012331580E-01  3.529165560E-02  1.514699947E-04 -4.412748126E+01 
       693 -1.011596374E-01  3.709999844E-02  1.554409442E-04 -4.502597049E+01 
       694 -2.759361978E-02 -3.476215138E-02  1.908334567E-04 -3.284373389E+01 
       695 -1.619055653E-02 -3.462735232E-02  2.434478679E-04 -3.408897949E+01 
       696 -8.039303320E-02  3.709999844E-02  2.804624848E-04 -5.152711454E+01 
       697 -1.012465320E-01  4.610202631E-03  4.157319420E-04 -4.459399793E+01 
       698 -1.012880057E-01 -1.941593740E-02  4.851104980E-04 -4.491436424E+01 
       699 -3.613283318E-02 -3.492511021E-02  5.530538630E-04 -3.057820876E+01 
       700 -8.285895643E-02  3.709999844E-02  6.821709756E-04 -5.015261567E+01 
       701 -9.964010918E-02 -3.050000034E-02  7.099423906E-04 -3.850818306E+01 
       702 -1.012066528E-01 -2.832746506E-02  7.359976499E-04 -4.574099860E+01 
       703 -1.011308380E-01 -3.050000034E-02  7.489038718E-04 -4.193445389E+01 
       704 -7.202405299E-02  3.709999844E-02  7.673234690E-04 -5.331660747E+01 
       705 -1.011969026E-01 -4.195326755E-03  1.384569223E-03 -4.487124927E+01 
       706 -3.196706550E-02 -3.483133029E-02  1.651054806E-03 -3.018984434E+01 
       707 -6.670619187E-02  3.709999844E-02  1.793945853E-03 -5.331812557E+01 
       708 -4.821407580E-02 -3.050000034E-02  1.964076235E-03 -2.981790264E+01 
       709 -1.011639170E-01  8.289622747E-03  2.219454839E-03 -4.472519555E+01 
       710 -9.177539204E-02  3.709999844E-02  2.369268091E-03 -4.651681867E+01 
       711 -4.598897530E-02 -3.050000034E-02  2.382075516E-03 -3.113020551E+01 
       712 -6.922172917E-02  3.709999844E-02  2.683777070E-03 -5.366298119E+01 
       713 -4.076530355E-02 -3.480986851E-02  2.779326372E-03 -3.045274832E+01 
       714 -3.796543548E-02 -3.480032971E-02  2.900351981E-03 -3.033925934E+01 
       715 -1.011018279E-01  1.936646693E-02  2.990691573E-03 -4.490038183E+01 
       716 -5.531313869E-02  3.709999844E-02  3.053554316E-03 -5.084626039E+01 
       717 -1.010626436E-01  1.639511567E-02  3.078059253E-03 -4.491269984E+01 
       718 -5.070471874E-02 -3.050000034E-02  3.138809208E-03 -3.040519128E+01 
       719 -6.053558987E-02  3.709999844E-02  3.150195710E-03 -5.208885372E+01 
       720 -9.683693156E-02  3.709999844E-02  3.235258540E-03 -4.554164260E+01 
       721 -1.010522619E-01  1.062565931E-03  3.276412773E-03 -4.494671423E+01 
       722 -9.344913324E-02 -3.050000034E-02  3.381168936E-03 -4.190926395E+01 
       723 -7.662552080E-02  3.709999844E-02  3.559276755E-03 -5.275275528E+01 
       724 -5.376714570E-02  3.709999844E-02  3.731277958E-03 -5.062280678E+01 
       725 -1.010036089E-01 -1.174370090E-02  3.905161783E-03 -4.527353905E+01 
       726 -1.009768422E-01  2.855781322E-02  4.093716253E-03 -4.498824754E+01 
       727 -8.461463303E-02  3.709999844E-02  4.110961618E-03 -4.983961874E+01 
       728 -9.715258928E-02 -3.050000034E-02  4.140959024E-03 -4.068503171E+01 
       729 -1.009394099E-01  3.265601616E-02  4.274811405E-03 -4.487568940E+01 
       730 -1.008782532E-01 -7.195821315E-03  4.354850438E-03 -4.529073526E+01 
       731 -1.009517702E-01 -2.139608852E-02  4.421745567E-03 -4.533997085E+01 
       732 -8.996440555E-02  3.709999844E-02  4.532343542E-03 -4.794457189E+01 
       733 -1.008956160E-01 -2.607766852E-02  4.548697642E-03 -4.551181725E+01 
       734 -2.433970566E-02 -3.459339052E-02  4.585404503E-03 -2.912640948E+01 
       735 -5.773306931E-02  3.709999844E-02  4.645913898E-03 -5.148308318E+01 
       736 -4.368977621E-02 -3.264359260E-02  4.748577471E-03 -3.436963015E+01 
       737 -6.328647751E-02  3.709999844E-02  4.806615981E-03 -5.290526821E+01 
       738 -4.463966512E-02 -3.050000034E-02  4.833620686E-03 -3.245490882E+01 
       739 -4.368977621E-02 -3.050000034E-02  4.870909489E-03 -3.256238521E+01 
       740 -4.368977621E-02 -3.233816891E-02  4.966494005E-03 -3.408880512E+01 
       741 -4.368977621E-02 -3.453410064E-02  5.012527667E-03 -3.370384440E+01 
       742 -4.229616067E-02 -3.455931204E-02  5.019446803E-03 -3.122863678E+01 
       743 -8.906000430E-02 -3.050000034E-02  5.530123256E-03 -4.470712352E+01 
       744 -7.652557110E-02  3.709999844E-02  5.689850694E-03 -5.278033657E+01 
       745 -1.326971620E-02 -3.415256563E-02  5.714445465E-03 -2.356496045E+01 
       746 -6.505220854E-03 -3.407763903E-02  5.764452362E-03 -2.237001883E+01 
       747 -3.216207685E-02 -3.434661640E-02  5.923762735E-03 -2.941488996E+01 
       748 -9.085303812E-02 -3.050000034E-02  6.045389645E-03 -4.401006110E+01 
       749 -3.640985185E-02 -3.432753121E-02  6.291561187E-03 -3.003570017E+01 
       750 -6.967181997E-02  3.709999844E-02  6.622108945E-03 -5.354928071E+01 
       751 -2.473853865E-02 -3.413780102E-02  6.659359850E-03 -2.650279662E+01 
       752 -4.856336274E-02 -3.050000034E-02  6.683526089E-03 -3.220539669E+01 
       753 -1.006160588E-01  9.028672696E-03  6.748225561E-03 -4.524757806E+01 
       754 -4.646247858E-02 -3.050000034E-02  7.011493179E-03 -3.351598433E+01 
       755 -6.359570867E-02  3.709999844E-02  7.178895581E-03 -5.289391917E+01 
       756 -4.112037882E-02 -3.418032096E-02  7.274768513E-03 -3.207477747E+01 
       757 -1.004572732E-01  1.354975845E-02  7.557367601E-03 -4.538748455E+01 
       758 -5.775969992E-02  3.709999844E-02  7.607533365E-03 -5.176272372E+01 
       759 -9.795203422E-02  3.709999844E-02  7.609540163E-03 -4.570747734E+01 
       760 -1.003017191E-01  2.202974716E-02  7.628499145E-03 -4.545487720E+01 
       761 -3.754285184E-02 -3.404763913E-02  7.772772980E-03 -3.110599976E+01 
       762 -1.002555669E-01  2.595208875E-02  7.773402276E-03 -4.552982441E+01 
       763 -3.042168805E-02 -3.392480186E-02  7.782195107E-03 -2.817351594E+01 
       764 -7.817665155E-02  3.709999844E-02  7.812293786E-03 -5.202026545E+01 
       765 -9.844930584E-02 -3.050000034E-02  7.818693725E-03 -4.208684712E+01 
       766 -1.002001757E-01  1.823269772E-03  7.867329948E-03 -4.545761461E+01 
       767 -7.186330311E-02  3.709999844E-02  7.892818202E-03 -5.319092219E+01 
       768 -1.002117351E-01 -1.919144856E-02  8.077266004E-03 -4.580941471E+01 
       769 -1.000418252E-01  3.709999844E-02  8.175429272E-03 -4.531438617E+01 
       770 -1.001229850E-01  3.505943387E-02  8.198086222E-03 -4.527792744E+01 
       771 -8.316286510E-02  3.709999844E-02  8.214415592E-03 -5.011860734E+01 
       772 -1.002133354E-01 -1.459810332E-02  8.229468138E-03 -4.579294114E+01 
       773 -1.000295324E-01 -3.050000034E-02  8.259901933E-03 -4.393663742E+01 
       774 -1.001138723E-01 -2.827970866E-02  8.276184943E-03 -4.609882625E+01 
       775 -5.630179248E-02  3.709999844E-02  8.403483785E-03 -5.149680271E+01 
       776 -5.237732165E-02 -3.050000034E-02  8.443550290E-03 -3.453199281E+01 
       777 -9.079762968E-02  3.709999844E-02  8.737751430E-03 -4.741829661E+01 
       778 -6.633660665E-02  3.709999844E-02  8.751097592E-03 -5.320573822E+01 
       779 -8.161857348E-02  3.709999844E-02  8.947157381E-03 -5.097734058E+01 
       780 -5.112720942E-02 -3.050000034E-02  9.015387682E-03 -3.422455928E+01 
       781 -9.997221816E-02  6.647618710E-03  9.020023173E-03 -4.563174648E+01 
       782 -6.045910384E-02  3.709999844E-02  9.279348248E-03 -5.224473964E+01 
       783 -9.166786459E-02 -3.050000034E-02  9.289448505E-03 -4.509142912E+01 
       784 -9.976403034E-02 -5.493226642E-03  9.509635491E-03 -4.582783510E+01 
       785 -4.368977621E-02 -3.217915856E-02  9.609677273E-03 -3.659225277E+01 
       786 -7.494541727E-19 -3.297269158E-02  9.690883557E-03 -1.299034765E+01 
       787 -4.516507287E-02 -3.049979522E-02  9.721259764E-03 -3.489449329E+01 
       788 -4.368977621E-02 -3.049970251E-02  9.800387861E-03 -3.468587905E+01 
       789 -3.969985404E-03 -3.317664640E-02  9.809603272E-03 -1.343175606E+01 
       790 -4.368977621E-02 -3.160659015E-02  9.855414381E-03 -3.612612134E+01 
       791 -4.368977621E-02 -3.344702440E-02  9.980714097E-03 -3.642636809E+01 
       792 -4.271555942E-02 -3.346389208E-02  9.994011536E-03 -3.375810116E+01 
       793 -2.220939593E-02 -3.317570259E-02  1.000550906E-02 -2.367808759E+01 
       794 -1.604735208E-02 -3.316846530E-02  1.017312186E-02 -1.971110068E+01 
       795 -9.942548298E-02 -6.983697682E-04  1.026711834E-02 -4.593360810E+01 
       796 -9.497425753E-02  3.709999844E-02  1.030401181E-02 -4.608665888E+01 
       797 -9.520630417E-02 -3.050000034E-02  1.075507281E-02 -4.387765380E+01 
       798 -3.710720033E-02 -3.314237722E-02  1.092610697E-02 -3.233684292E+01 
       799 -8.652300262E-02 -3.050000034E-02  1.095317933E-02 -4.753571022E+01 
       800 -9.931898168E-02  1.521410274E-02  1.099318060E-02 -4.585571508E+01 
       801 -8.759853810E-02  3.709999844E-02  1.118451540E-02 -4.861369335E+01 
       802 -9.914630713E-02  1.925126678E-02  1.131849895E-02 -4.593000334E+01 
       803 -3.158036227E-02 -3.290771662E-02  1.146674844E-02 -2.954598999E+01 
       804 -6.646743652E-02  3.709999844E-02  1.165465844E-02 -5.266704694E+01 
       805 -5.032758220E-02 -3.050000034E-02  1.173025927E-02 -3.657153305E+01 
       806 -9.894819995E-02  2.824243422E-02  1.173984780E-02 -4.595185217E+01 
       807 -4.113875023E-02 -3.289152115E-02  1.181383648E-02 -3.468630790E+01 
       808 -9.889046364E-02  3.256591921E-02  1.187806038E-02 -4.574834772E+01 
       809 -9.889908515E-02 -2.603724865E-02  1.187899804E-02 -4.656229240E+01 
       810 -9.891459709E-02 -2.153463084E-02  1.188982577E-02 -4.636271996E+01 
       811 -6.057610925E-02  3.709999844E-02  1.194573408E-02 -5.215547678E+01 
       812 -9.889838191E-02 -1.256430785E-02  1.203277048E-02 -4.626916397E+01 
       813 -8.826081256E-02 -3.050000034E-02  1.205315248E-02 -4.662980142E+01 
       814 -3.580171079E-02 -3.269499175E-02  1.205883469E-02 -3.239437565E+01 
       815 -4.671712029E-02 -3.049980563E-02  1.208396586E-02 -3.597807374E+01 
       816 -7.249804242E-02  3.709999844E-02  1.208888362E-02 -5.234415450E+01 
       817 -9.868838979E-02 -8.127220253E-03  1.242544427E-02 -4.628180090E+01 
       818 -7.519132404E-02  3.709999844E-02  1.279351839E-02 -5.178764105E+01 
       819 -5.906864193E-02  3.709999844E-02  1.292641730E-02 -5.185172914E+01 
       820 -5.555767018E-02 -3.050000034E-02  1.314362495E-02 -4.209844185E+01 
       821 -8.095854527E-02  3.709999844E-02  1.321512246E-02 -5.036036504E+01 
       822 -9.828883027E-02  7.773961191E-03  1.341749872E-02 -4.610027111E+01 
       823 -5.158786839E-02 -3.050000034E-02  1.353699964E-02 -3.885165796E+01 
       824 -5.344213601E-03 -3.205648779E-02  1.368455484E-02 -9.177480198E+00 
       825 -6.343262307E-02  3.709999844E-02  1.371865257E-02 -5.218959746E+01 
       826 -6.998889217E-02  3.709999844E-02  1.385115052E-02 -5.214506400E+01 
       827 -5.469752955E-02 -3.050000034E-02  1.388501625E-02 -4.183027930E+01 
       828 -7.615986464E-02  3.709999844E-02  1.398111021E-02 -5.079724155E+01 
       829 -8.752552970E-02  3.706555617E-02  1.405835939E-02 -4.792707611E+01 
       830 -9.799505175E-02  1.242111453E-02  1.415665932E-02 -4.618455335E+01 
       831 -8.845703439E-02 -3.046028690E-02  1.438603198E-02 -4.708509255E+01 
       832 -9.517098353E-02  3.702060203E-02  1.446813592E-02 -4.608101857E+01 
       833 -2.942118346E-02 -3.178648712E-02  1.454394649E-02 -3.005047401E+01 
       834 -9.566159793E-02 -3.044604931E-02  1.459694294E-02 -4.511380317E+01 
       835 -4.544558601E-02 -3.049784083E-02  1.467224202E-02 -3.687826215E+01 
       836 -4.368977621E-02 -3.131862908E-02  1.467313709E-02 -3.831930679E+01 
       837 -9.750255663E-02  4.315900644E-04  1.470393848E-02 -4.632937305E+01 
       838 -4.368977621E-02 -3.049663838E-02  1.471930288E-02 -3.773561763E+01 
       839 -4.368977621E-02 -3.161750413E-02  1.477659654E-02 -3.855179813E+01 
       840 -2.485897288E-02 -3.165673662E-02  1.479013143E-02 -2.601834436E+01 
       841 -8.205134060E-02  3.707986955E-02  1.480686953E-02 -4.919101463E+01 
       842 -4.186423712E-02 -3.162142263E-02  1.481474551E-02 -3.683546894E+01 
       843 -1.424683535E-02 -3.181517599E-02  1.482242934E-02 -1.781157188E+01 
       844 -9.740924352E-02  2.136434812E-02  1.503656295E-02 -4.613846735E+01 
       845 -3.677523017E-02 -3.144363084E-02  1.519547067E-02 -3.524845112E+01 
       846 -9.727152591E-02  2.568055722E-02  1.524682809E-02 -4.608331683E+01 
       847 -9.728503507E-02 -1.939432322E-02  1.527343377E-02 -4.665817073E+01 
       848 -8.249903107E-02 -3.048814296E-02  1.530355439E-02 -4.736935506E+01 
       849 -4.131054692E-02 -3.136981512E-02  1.536214088E-02 -3.755113560E+01 
       850 -9.722268216E-02 -1.507987660E-02  1.538436165E-02 -4.656396678E+01 
       851 -9.720845492E-02 -2.822828927E-02  1.540297805E-02 -4.709176016E+01 
       852 -9.711998969E-02 -3.042161000E-02  1.540873778E-02 -4.599879636E+01 
       853 -9.698937577E-02  3.697909677E-02  1.550925953E-02 -4.559967153E+01 
       854 -9.709161579E-02  3.473532045E-02  1.551236232E-02 -4.572377990E+01 
       855 -8.527009793E-02  3.703890274E-02  1.561561654E-02 -4.829011497E+01 
       856 -9.706809266E-02  5.312879021E-03  1.562375122E-02 -4.634794830E+01 
       857 -6.978215631E-02  3.706310523E-02  1.590801391E-02 -5.123604530E+01 
       858 -1.051228850E-02 -3.144680693E-02  1.610666651E-02 -1.389446987E+01 
       859 -9.675277159E-02 -6.587696424E-03  1.619289778E-02 -4.651565634E+01 
       860 -6.351120198E-02  3.704770394E-02  1.625464118E-02 -5.158144868E+01 
       861 -9.246949911E-02 -3.039942687E-02  1.644901701E-02 -4.636315524E+01 
       862 -9.169026531E-02  3.697351239E-02  1.653736929E-02 -4.646749884E+01 
       863 -6.007991413E-02 -3.046160213E-02  1.680658904E-02 -4.820335652E+01 
       864 -9.627526466E-02 -1.951735874E-03  1.686395915E-02 -4.647509247E+01 
       865 -8.391495012E-02 -3.032017497E-02  1.712970864E-02 -4.680086530E+01 
       866 -4.368977621E-02 -3.049395606E-02  1.717901789E-02 -3.854384325E+01 
       867 -8.544919036E-02 -3.030207278E-02  1.723064472E-02 -4.727732084E+01 
       868 -6.209783723E-02  3.700355502E-02  1.732426472E-02 -5.127260301E+01 
       869 -4.982343628E-02 -3.035413273E-02  1.760612808E-02 -4.105720136E+01 
       870 -3.549811382E-02 -3.079705133E-02  1.764693118E-02 -3.645333412E+01 
       871 -5.571087776E-02 -3.035801509E-02  1.765435561E-02 -4.511767380E+01 
       872 -6.605287826E-02  3.696194317E-02  1.782094593E-02 -5.107566393E+01 
       873 -7.611497440E-02  3.696141136E-02  1.782983290E-02 -4.974591393E+01 
       874 -4.725311947E-02 -3.035832168E-02  1.795597596E-02 -3.899174849E+01 
       875 -9.550861523E-02  1.410772926E-02  1.813282572E-02 -4.620676943E+01 
       876 -7.732890280E-02 -3.042325968E-02  1.823529445E-02 -4.636606164E+01 
       877 -5.917297203E-02 -3.034285707E-02  1.826879922E-02 -4.724783648E+01 
       878 -3.206275191E-02 -3.059967285E-02  1.838169801E-02 -3.411277609E+01 
       879 -9.525744579E-02 -2.157425886E-02  1.841624506E-02 -4.673032982E+01 
       880 -9.521570874E-02  2.774636528E-02  1.847325395E-02 -4.593323766E+01 
       881 -9.522041396E-02  1.857121048E-02  1.848410611E-02 -4.607778615E+01 
       882 -9.518438284E-02 -2.595511003E-02  1.855913663E-02 -4.710075004E+01 
       883 -9.516110976E-02 -1.312284594E-02  1.857655720E-02 -4.654139954E+01 
       884 -9.508082745E-02  3.240243949E-02  1.860698774E-02 -4.571765412E+01 
       885 -7.966166951E-02  3.693259213E-02  1.861460997E-02 -4.880547999E+01 
       886 -2.290134293E-02 -3.059236126E-02  1.861712708E-02 -2.797949366E+01 
       887 -1.414270149E-03 -3.051110204E-02  1.869888069E-02 -1.003398865E+01 
       888 -7.494541727E-19 -3.056873829E-02  1.873626408E-02 -9.214894308E+00 
       889 -9.497295436E-02 -9.051023948E-03  1.883602546E-02 -4.648439804E+01 
       890 -7.209067660E-02  3.681973520E-02  1.890379241E-02 -5.008016941E+01 
       891 -6.559155173E-02 -3.037656683E-02  1.904354410E-02 -4.963733027E+01 
       892 -4.131054692E-02 -3.029694725E-02  1.907628762E-02 -3.953784536E+01 
       893 -7.447778304E-02  3.682229141E-02  1.923350602E-02 -4.932908892E+01 
       894 -1.850944280E-02 -3.047371518E-02  1.943333741E-02 -2.355090802E+01 
       895 -7.153884108E-02 -3.035013828E-02  1.953924239E-02 -4.780889608E+01 
       896 -9.436755139E-02  6.254874246E-03  1.958296105E-02 -4.628947463E+01 
       897 -4.292449370E-02 -3.024419493E-02  1.958431259E-02 -3.941491234E+01 
       898 -8.519233844E-02  3.679131573E-02  1.969283317E-02 -4.731588426E+01 
       899 -5.292672610E-02 -3.019229128E-02  2.010225043E-02 -4.413559186E+01 
       900 -7.809140086E-02 -3.010032180E-02  2.019124505E-02 -4.564932472E+01 
       901 -9.380872407E-02 -1.094364401E-03  2.026569783E-02 -4.636487785E+01 
       902 -9.118253807E-02  3.661547286E-02  2.041736491E-02 -4.619466409E+01 
       903 -4.561174283E-02 -3.017515608E-02  2.043213450E-02 -4.049035672E+01 
       904 -9.353166533E-02  1.124793807E-02  2.068405767E-02 -4.608293364E+01 
       905 -8.073730564E-02 -3.000462612E-02  2.071691464E-02 -4.570652614E+01 
       906 -3.876199171E-02 -3.012032590E-02  2.076802182E-02 -3.929089031E+01 
       907 -6.008413367E-02 -3.007332204E-02  2.077225058E-02 -4.774739960E+01 
       908 -8.110880173E-02  3.671430280E-02  2.079422392E-02 -4.772264819E+01 
       909 -9.190129979E-02 -2.997266101E-02  2.083859629E-02 -4.677330620E+01 
       910 -6.623526556E-02  3.663428741E-02  2.095136837E-02 -4.995482915E+01 
       911 -6.503615078E-02 -3.004615535E-02  2.122034544E-02 -4.828772975E+01 
       912 -9.303715588E-02 -7.701159542E-03  2.125890817E-02 -4.631024486E+01 
       913 -9.289903532E-02 -1.538189367E-02  2.126257666E-02 -4.635566502E+01 
       914 -8.794807876E-02 -2.990455846E-02  2.133412395E-02 -4.676981312E+01 
       915 -9.282884796E-02 -1.930876471E-02  2.134261355E-02 -4.644721117E+01 
       916 -9.283074210E-02 -2.785216771E-02  2.137944339E-02 -4.693620566E+01 
       917 -9.279668845E-02  2.552268692E-02  2.138568791E-02 -4.567491374E+01 
       918 -9.276454066E-02  3.495299979E-03  2.140743206E-02 -4.617050376E+01 
       919 -9.267403066E-02  3.423109421E-02  2.146881488E-02 -4.546259747E+01 
       920 -9.263258815E-02 -2.988898526E-02  2.149876170E-02 -4.679441695E+01 
       921 -9.271968697E-02  2.069935671E-02  2.152618975E-02 -4.576263957E+01 
       922 -9.248037389E-02  3.644351015E-02  2.154204369E-02 -4.560562470E+01 
       923 -8.737678876E-02  3.647728412E-02  2.160741511E-02 -4.637044222E+01 
       924 -6.543136922E-02  3.654315138E-02  2.164223368E-02 -4.967343402E+01 
       925 -7.166095721E-02 -2.990383155E-02  2.177105504E-02 -4.706154386E+01 
       926 -3.075719493E-02 -2.976273789E-02  2.179710973E-02 -3.660786337E+01 
       927 -9.236336703E-02 -3.418822035E-03  2.191411458E-02 -4.623630510E+01 
       928 -6.942184616E-02  3.649041653E-02  2.195074843E-02 -4.912789059E+01 
       929 -9.207640226E-03 -2.960774470E-02  2.217905923E-02 -1.750752404E+01 
       930 -6.586795996E-02 -2.975983900E-02  2.253215208E-02 -4.776917243E+01 
       931 -9.185755710E-02  1.178751017E-02  2.257131849E-02 -4.574913566E+01 
       932 -8.061662098E-02  3.639149511E-02  2.260921040E-02 -4.709550676E+01 
       933 -4.411507909E-03 -2.947796626E-02  2.271332673E-02 -1.538074220E+01 
       934 -7.529191457E-02 -2.969956342E-02  2.280319389E-02 -4.578427706E+01 
       935 -2.644535854E-02 -2.956984616E-02  2.285603141E-02 -3.427211767E+01 
       936 -6.971761276E-02 -2.958285122E-02  2.318663802E-02 -4.760699854E+01 
       937 -7.549793236E-02  3.622049532E-02  2.326369858E-02 -4.766030799E+01 
       938 -5.310566977E-02 -2.948708105E-02  2.329490880E-02 -4.546530452E+01 
       939 -3.839934760E-02 -2.954113330E-02  2.337073668E-02 -4.167441147E+01 
       940 -4.606218910E-02 -2.953699389E-02  2.337745587E-02 -4.375986394E+01 
       941 -9.045711537E-02  1.914017476E-02  2.369387671E-02 -4.548121491E+01 
       942 -9.035016819E-02 -2.123109750E-02  2.371940295E-02 -4.620351888E+01 
       943 -9.024273087E-02  2.765732801E-02  2.384687766E-02 -4.537729058E+01 
       944 -9.019014679E-02 -9.992687525E-03  2.390522510E-02 -4.615962850E+01 
       945 -9.013422296E-02  3.192303311E-02  2.390997332E-02 -4.533850568E+01 
       946 -9.011096458E-02 -2.527824208E-02  2.394389774E-02 -4.644406690E+01 
       947 -1.666615267E-02 -2.928687603E-02  2.399261388E-02 -2.836803254E+01 
       948 -7.747887631E-02  3.601606717E-02  2.401025775E-02 -4.689419957E+01 
       949 -9.001961801E-02 -1.298602227E-02  2.404977857E-02 -4.614614283E+01 
       950 -8.978852912E-02  1.646503551E-02  2.418923686E-02 -4.551371300E+01 
       951 -5.810168940E-02 -2.930985181E-02  2.422246092E-02 -4.673234564E+01 
       952 -8.978770571E-02  3.738111083E-03  2.424595101E-02 -4.592790148E+01 
       953 -8.959470597E-02 -3.031954463E-03  2.443714556E-02 -4.606584105E+01 
       954 -8.274202282E-02 -2.916818150E-02  2.448032651E-02 -4.543537635E+01 
       955 -8.937668644E-02  9.523799194E-03  2.464903609E-02 -4.564156665E+01 
       956 -7.020458610E-02  3.584380053E-02  2.469893523E-02 -4.766852614E+01 
       957 -8.581302306E-02 -2.911616976E-02  2.474051078E-02 -4.613512829E+01 
       958 -1.175588763E-02 -2.899933272E-02  2.476181972E-02 -2.591887869E+01 
       959 -8.636008792E-02  3.573508987E-02  2.503749570E-02 -4.609258615E+01 
       960 -8.869579640E-02  5.742496247E-03  2.509238585E-02 -4.574291165E+01 
       961 -3.431530600E-02 -2.902252340E-02  2.528609735E-02 -4.121584949E+01 
       962 -5.083971240E-02 -2.896968743E-02  2.532646113E-02 -4.533126716E+01 
       963 -8.307682697E-02  3.563831813E-02  2.534431711E-02 -4.621045846E+01 
       964 -7.271705410E-02  3.564870516E-02  2.537193603E-02 -4.669754783E+01 
       965 -8.810767095E-02 -2.268017949E-04  2.554725296E-02 -4.594510519E+01 
       966 -6.898468021E-02  3.554722267E-02  2.578119013E-02 -4.729879613E+01 
       967 -8.790591920E-02 -7.187621017E-03  2.580598800E-02 -4.605756562E+01 
       968 -8.757048165E-02 -1.904771854E-02  2.586391526E-02 -4.596755253E+01 
       969 -8.760135048E-02 -1.481815955E-02  2.589532166E-02 -4.599907406E+01 
       970 -8.744186805E-02  3.355846601E-02  2.596275708E-02 -4.523046615E+01 
       971 -8.723343761E-02  3.544951144E-02  2.602232565E-02 -4.554626190E+01 
       972 -4.242790390E-02 -2.880640603E-02  2.612409476E-02 -4.432655667E+01 
       973 -8.714799718E-02 -2.707058281E-02  2.613711722E-02 -4.650339667E+01 
       974 -8.690244788E-02 -2.876975618E-02  2.622661783E-02 -4.640960976E+01 
       975 -8.691107176E-02  2.548749936E-02  2.628319096E-02 -4.516657602E+01 
       976 -6.392291106E-02 -2.865349645E-02  2.645233641E-02 -4.693630696E+01 
       977 -8.661955499E-02  2.255178745E-02  2.647372468E-02 -4.518946081E+01 
       978 -8.619862531E-02  1.492202089E-02  2.685898409E-02 -4.532121435E+01 
       979 -7.642307701E-02 -2.843427452E-02  2.690923600E-02 -4.570183877E+01 
       980 -8.601639637E-02  1.184355622E-02  2.698795227E-02 -4.541841886E+01 
       981 -8.596600283E-02 -7.357660884E-03  2.703860675E-02 -4.599533385E+01 
       982 -5.966442183E-02 -2.845649202E-02  2.704416332E-02 -4.663671611E+01 
       983 -8.557887801E-02 -4.572131761E-04  2.724309261E-02 -4.585677411E+01 
       984 -7.494541727E-19 -2.791309222E-02  2.730204528E-02 -2.428033459E+01 
       985 -2.199388439E-03 -2.799215458E-02  2.734550437E-02 -2.453897726E+01 
       986 -8.525788712E-02  3.174747199E-02  2.737614798E-02 -4.512791463E+01 
       987 -2.483036495E-02 -2.809673683E-02  2.743401568E-02 -3.889230647E+01 
       988 -8.513588471E-02  5.939412461E-03  2.750847997E-02 -4.558043102E+01 
       989 -8.502181439E-02 -1.338816460E-02  2.753182800E-02 -4.592539947E+01 
       990 -8.488743396E-02  2.765382595E-02  2.759212272E-02 -4.502314530E+01 
       991 -7.961209381E-02 -2.817376538E-02  2.762209938E-02 -4.534836135E+01 
       992 -8.484639317E-02  2.112196935E-02  2.763656610E-02 -4.508421773E+01 
       993 -7.818908173E-02  3.487712219E-02  2.764186481E-02 -4.566681857E+01 
       994 -8.456940172E-02 -2.092095062E-02  2.767718271E-02 -4.592121758E+01 
       995 -8.459615526E-02  1.640208170E-02  2.778659827E-02 -4.517575140E+01 
       996 -8.430570324E-02 -2.432966171E-02  2.781963727E-02 -4.633256678E+01 
       997 -8.425378384E-02 -1.007033494E-02  2.794212280E-02 -4.595186592E+01 
       998 -8.412807885E-02  4.835848986E-03  2.802981794E-02 -4.559517069E+01 
       999 -7.042183489E-02 -2.800888726E-02  2.804401515E-02 -4.689012333E+01 
      1000 -8.418935442E-02  1.015846573E-02  2.805190298E-02 -4.540700767E+01 
      1001 -8.405937720E-02  1.290845574E-03  2.805383655E-02 -4.571848300E+01 
      1002 -8.404491922E-02 -4.130677547E-03  2.806624165E-02 -4.591118392E+01 
      1003 -8.138408658E-02  3.465197168E-02  2.822771428E-02 -4.574517360E+01 
      1004 -2.017611085E-02 -2.781415887E-02  2.824600170E-02 -3.676954922E+01 
      1005 -7.363171892E-02  3.451072084E-02  2.853691065E-02 -4.520025196E+01 
      1006 -3.378019521E-02 -2.765896271E-02  2.873508927E-02 -4.422929270E+01 
      1007 -8.202751669E-02 -1.891381730E-02  2.892161652E-02 -4.582116341E+01 
      1008 -8.191258371E-02  3.438215314E-02  2.895634857E-02 -4.518534162E+01 
      1009 -8.194683014E-02 -1.575589276E-02  2.897023168E-02 -4.580090994E+01 
      1010 -8.195705326E-02  3.324994380E-02  2.897680684E-02 -4.490784822E+01 
      1011 -5.097328759E-02 -2.751667699E-02  2.907581965E-02 -4.598885631E+01 
      1012 -7.326200099E-02 -2.759593804E-02  2.908433676E-02 -4.642134429E+01 
      1013 -4.237857701E-02 -2.750582420E-02  2.916882661E-02 -4.593933558E+01 
      1014 -8.169689465E-02  1.064633669E-02  2.917061944E-02 -4.529724788E+01 
      1015 -7.629796879E-02  3.421903154E-02  2.919210909E-02 -4.490300272E+01 
      1016 -8.156131927E-02  2.184650331E-02  2.919475933E-02 -4.495699856E+01 
      1017 -8.156529670E-02  1.560439700E-02  2.921836237E-02 -4.511118610E+01 
      1018 -8.129057881E-02  2.712961295E-02  2.929707537E-02 -4.482480639E+01 
      1019 -8.131641353E-02 -4.226476120E-03  2.931570206E-02 -4.581513609E+01 
      1020 -8.105828267E-02 -9.483792409E-03  2.941522305E-02 -4.586901579E+01 
      1021 -8.096341184E-02  2.675801008E-02  2.941682364E-02 -4.474614670E+01 
      1022 -8.059879497E-02 -2.613148391E-02  2.943297274E-02 -4.731566211E+01 
      1023 -8.045214450E-02 -2.754759309E-02  2.943592162E-02 -4.682048240E+01 
      1024 -8.074936685E-02  5.925827949E-04  2.952591154E-02 -4.564988049E+01 
      1025 -8.077233637E-02  5.635419781E-03  2.952667028E-02 -4.546942290E+01 
      1026 -6.692397909E-02 -2.742981602E-02  2.953135666E-02 -4.688258333E+01 
      1027 -8.053759598E-02  2.343930844E-02  2.954629535E-02 -4.483820633E+01 
      1028 -7.257614606E-02  3.407285710E-02  2.954709567E-02 -4.506470743E+01 
      1029 -8.050005263E-02  1.327263893E-02  2.960692922E-02 -4.516288787E+01 
      1030 -8.032421867E-02  3.138582098E-02  2.967073146E-02 -4.469090507E+01 
      1031 -1.013693186E-02 -2.713438075E-02  2.970207234E-02 -3.331739492E+01 
      1032 -8.000335264E-02 -1.453522665E-02  2.978269399E-02 -4.576126734E+01 
      1033 -7.987856306E-02 -6.691231927E-03  2.982606522E-02 -4.581297562E+01 
      1034 -7.987150656E-02  8.083470464E-03  2.984572180E-02 -4.534216252E+01 
      1035 -7.975557951E-02 -1.619858339E-03  2.986563199E-02 -4.568971506E+01 
      1036 -5.856990900E-02 -2.713983190E-02  2.988155048E-02 -4.567549002E+01 
      1037 -7.969415707E-02  1.840255692E-02  2.991315678E-02 -4.497335149E+01 
      1038 -4.535398042E-03 -2.690965677E-02  2.995220262E-02 -3.430121074E+01 
      1039 -7.939698624E-02 -1.151051227E-02  2.997701320E-02 -4.580005307E+01 
      1040 -7.918492011E-02  3.240305368E-03  3.008490660E-02 -4.551597750E+01 
      1041 -7.849596499E-02 -2.064995733E-02  3.014468236E-02 -4.599222709E+01 
      1042 -7.820342737E-02 -2.364450320E-02  3.022454118E-02 -4.739370358E+01 
      1043 -6.659064935E-02 -2.701316836E-02  3.056593171E-02 -4.670064762E+01 
      1044 -7.697635280E-02  3.360855596E-02  3.060423203E-02 -4.448672921E+01 
      1045 -7.716295625E-02  1.838491944E-02  3.060966402E-02 -4.495406654E+01 
      1046 -7.715597232E-02  1.325978736E-02  3.062218201E-02 -4.512342995E+01 
      1047 -7.707352848E-02  8.327703285E-03  3.064281409E-02 -4.529781129E+01 
      1048 -7.692551646E-02  3.177013411E-02  3.064853818E-02 -4.438911521E+01 
      1049 -7.700487794E-02 -6.581268070E-03  3.065361442E-02 -4.576605152E+01 
      1050 -7.700428209E-02 -1.741399076E-03  3.065518307E-02 -4.564256926E+01 
      1051 -7.696703450E-02  3.258170150E-03  3.066818648E-02 -4.548042956E+01 
      1052 -7.662069425E-02 -1.609551446E-02  3.067258921E-02 -4.588908478E+01 
      1053 -7.681705996E-02  2.291200763E-02  3.068257206E-02 -4.479799138E+01 
      1054 -7.672527878E-02  2.753159267E-02  3.071274281E-02 -4.457838984E+01 
      1055 -7.664576771E-02 -1.102237337E-02  3.073411556E-02 -4.582685732E+01 
      1056 -7.618159723E-02 -1.851125655E-02  3.076109163E-02 -4.609109644E+01 
      1057 -2.854026356E-02 -2.666350946E-02  3.078919919E-02 -4.399346101E+01 
      1058 -7.606616392E-02  3.078628040E-02  3.084534624E-02 -4.436386496E+01 
      1059 -7.588029869E-02 -1.248685431E-02  3.089632663E-02 -4.598402450E+01 
      1060 -7.573081609E-02  2.080984911E-02  3.090711469E-02 -4.487967514E+01 
      1061 -7.576744005E-02  1.083536336E-02  3.091066463E-02 -4.520978871E+01 
      1062 -7.575382067E-02  1.582245964E-02  3.091381976E-02 -4.504479402E+01 
      1063 -7.560385951E-02 -4.123486948E-03  3.094369958E-02 -4.571268628E+01 
      1064 -7.548216320E-02 -9.110279781E-03  3.097127967E-02 -4.583299973E+01 
      1065 -7.549228341E-02  5.848648779E-03  3.097155140E-02 -4.538791671E+01 
      1066 -7.546433450E-02  8.623656244E-04  3.097637675E-02 -4.556555763E+01 
      1067 -7.538055726E-02  2.579741930E-02  3.099418724E-02 -4.467502458E+01 
      1068 -7.507013365E-02 -1.402682000E-02  3.104099716E-02 -4.612979278E+01 
      1069 -7.370029852E-02 -2.676065454E-02  3.106539228E-02 -4.840463124E+01 
      1070 -7.366510273E-02 -2.515921961E-02  3.110221185E-02 -4.914580836E+01 
      1071 -7.426114380E-02 -1.160425041E-02  3.122394718E-02 -4.615089164E+01 
      1072 -7.426114380E-02 -9.184202531E-03  3.122394718E-02 -4.584640926E+01 
      1073 -7.426114380E-02 -4.132917093E-03  3.122394718E-02 -4.571125388E+01 
      1074 -7.426114380E-02  8.539736789E-04  3.122394718E-02 -4.556081762E+01 
      1075 -7.426114380E-02  5.843544443E-03  3.122394718E-02 -4.538585202E+01 
      1076 -7.426114380E-02  1.083560993E-02  3.122394718E-02 -4.520949456E+01 
      1077 -7.426114380E-02  1.582737834E-02  3.122394718E-02 -4.504410153E+01 
      1078 -7.426114380E-02  2.081728814E-02  3.122394718E-02 -4.488495624E+01 
      1079 -7.426114380E-02  2.580588241E-02  3.122394718E-02 -4.465486334E+01 
      1080 -7.426114380E-02  3.089281392E-02  3.122394718E-02 -4.435935017E+01 
      1081 -7.426114380E-02  3.328132629E-02  3.122394718E-02 -4.432063100E+01 
      1082 -7.242786729E-02 -2.380573272E-02  3.126601520E-02 -4.862051089E+01 
      1083 -7.293925670E-02 -1.942736141E-02  3.126731946E-02 -4.662580724E+01 
      1084 -5.515606486E-02 -2.633684136E-02  3.130991547E-02 -4.525489957E+01 
      1085 -7.243614340E-02 -1.175326065E-02  3.134501910E-02 -4.635097842E+01 
      1086 -7.234281874E-02 -1.376560301E-02  3.135659302E-02 -4.632800700E+01 
      1087 -7.196046275E-02 -1.866862043E-02  3.138276580E-02 -4.656359557E+01 
      1088 -7.195873135E-02 -1.409887639E-02  3.138287490E-02 -4.633531020E+01 
      1089 -1.848078578E-02 -2.637205641E-02  3.146920465E-02 -4.114632217E+01 
      1090 -7.010000199E-02 -2.652496845E-02  3.150000051E-02 -5.088274817E+01 
      1091 -7.010000199E-02 -2.403135909E-02  3.150000051E-02 -5.186175849E+01 
      1092 -7.010000199E-02 -1.881603945E-02  3.150000051E-02 -4.665362487E+01 
      1093 -7.010000199E-02 -1.427587041E-02  3.150000051E-02 -4.632599098E+01 
      1094 -7.010000199E-02 -1.194400527E-02  3.150000051E-02 -4.632769186E+01 
      1095 -6.624193423E-02 -2.637803178E-02  3.154411521E-02 -4.613993321E+01 
      1096 -3.785144823E-02 -2.628086482E-02  3.156815069E-02 -4.606803037E+01 
      1097 -1.172721804E-02 -2.622338551E-02  3.157704455E-02 -4.022828522E+01 
      1098 -4.668970332E-02 -2.624365437E-02  3.159898963E-02 -4.588798023E+01 
      1099 -6.261635624E-02 -2.551648336E-02  3.289125614E-02 -4.511574671E+01 
      1100 -7.010000199E-02 -1.856914467E-02  3.316879810E-02 -4.650339408E+01 
      1101 -7.010000199E-02 -1.405643895E-02  3.321636223E-02 -4.634639289E+01 
      1102 -7.010000199E-02 -2.511246602E-02  3.326650217E-02 -5.147411786E+01 
      1103 -6.823532027E-02 -2.518257582E-02  3.338916995E-02 -4.593941066E+01 
      1104 -2.808629786E-02 -2.429048489E-02  3.443553231E-02 -4.348276178E+01 
      1105 -7.494541727E-19 -2.374786710E-02  3.481937082E-02 -3.473267710E+01 
      1106 -3.771978325E-02 -2.403529542E-02  3.483917059E-02 -4.427169930E+01 
      1107 -1.991921111E-02 -2.390425360E-02  3.494024192E-02 -4.101861901E+01 
      1108 -4.662974422E-02 -2.392880952E-02  3.499485170E-02 -4.404853050E+01 
      1109 -7.010000199E-02 -1.984230819E-02  3.500557970E-02 -4.864534888E+01 
      1110 -7.010000199E-02 -2.363498756E-02  3.511426406E-02 -4.733600443E+01 
      1111 -2.755107885E-03 -2.361036038E-02  3.515249699E-02 -3.641231652E+01 
      1112 -5.481151491E-02 -2.369794075E-02  3.530519877E-02 -4.355554442E+01 
      1113 -1.088582272E-02 -2.348290152E-02  3.553854189E-02 -3.859268996E+01 
      1114 -6.200154822E-02 -2.329934287E-02  3.582747008E-02 -4.386758136E+01 
      1115 -2.369666701E-02 -2.260229208E-02  3.644611441E-02 -4.024885718E+01 
      1116 -6.792385850E-02 -2.254474596E-02  3.672322370E-02 -4.476243457E+01 
      1117 -7.010000199E-02 -2.234155580E-02  3.673185374E-02 -4.767486883E+01 
      1118 -4.740945817E-03 -2.229168277E-02  3.685957273E-02 -3.542704173E+01 
      1119 -7.010000199E-02 -1.856247960E-02  3.687754081E-02 -4.800751179E+01 
      1120 -3.312586602E-02 -2.220463827E-02  3.699390599E-02 -4.286939559E+01 
      1121 -5.140757677E-02 -2.218128879E-02  3.704812761E-02 -4.302594489E+01 
      1122 -5.952241462E-02 -2.217308977E-02  3.709111771E-02 -4.312426188E+01 
      1123 -4.244876438E-02 -2.210518175E-02  3.712707101E-02 -4.318964143E+01 
      1124 -6.670245783E-02 -2.186984482E-02  3.747324460E-02 -4.409367844E+01 
      1125 -7.010000199E-02 -2.078265510E-02  3.868144378E-02 -4.649486042E+01 
      1126 -6.689637716E-02 -2.078265510E-02  3.868144378E-02 -4.370423644E+01 
      1127 -5.966573989E-02 -2.078265510E-02  3.868144378E-02 -4.255086698E+01 
      1128 -5.147541440E-02 -2.078265510E-02  3.868144378E-02 -4.182804839E+01 
      1129 -4.247393335E-02 -2.078265510E-02  3.868144378E-02 -4.116712345E+01 
      1130 -3.313476079E-02 -2.078265510E-02  3.868144378E-02 -3.999237051E+01 
      1131 -2.370065720E-02 -2.078265510E-02  3.868144378E-02 -3.719052492E+01 
      1132 -1.422029180E-02 -2.078265510E-02  3.868144378E-02 -3.519926145E+01 
      1133 -4.734627871E-03 -2.078265510E-02  3.868144378E-02 -3.095694330E+01 
      1134 -7.494541727E-19 -2.078265510E-02  3.868144378E-02 -3.064721930E+01 
