nodenumber     x-coordinate     y-coordinate     z-coordinate         pressure 
         1 -5.889564008E-02  3.151749820E-02 -5.163232610E-02 -3.803187149E+01 
         2 -5.887090811E-02  2.769486081E-02 -5.149206089E-02 -3.702993175E+01 
         3 -5.881757569E-02  1.945177426E-02 -5.118959563E-02 -3.704883749E+01 
         4 -5.876334738E-02  1.107028847E-02 -5.088205283E-02 -3.825247106E+01 
         5 -5.870840555E-02  2.578536164E-03 -5.057046352E-02 -3.962717344E+01 
         6 -5.865282756E-02 -6.011635903E-03 -5.025526269E-02 -4.034699225E+01 
         7 -6.211064178E-02  3.151749820E-02 -5.000263704E-02 -3.958212331E+01 
         8 -5.859598165E-02 -1.479771084E-02 -4.993287512E-02 -4.077273144E+01 
         9 -5.853645986E-02 -2.399715561E-02 -4.959531841E-02 -4.123837340E+01 
        10 -5.852309193E-02  1.937374716E-02 -4.951949819E-02 -3.801658587E+01 
        11 -5.848679651E-02  2.755800186E-02 -4.931365914E-02 -3.751487891E+01 
        12 -5.847298406E-02 -3.380805711E-02 -4.923532489E-02 -5.574769519E+01 
        13 -5.844558567E-02  1.105843428E-02 -4.907993919E-02 -3.913900808E+01 
        14 -5.844274163E-02 -3.848249838E-02 -4.906380549E-02 -3.569309732E+01 
        15 -5.834942034E-02 -5.946316203E-03 -4.853455756E-02 -4.062471314E+01 
        16 -5.830238277E-02  2.628692432E-03 -4.826779498E-02 -4.018152540E+01 
        17 -5.828882181E-02  2.876774353E-02 -4.819089051E-02 -3.769761552E+01 
        18 -5.824805667E-02  3.151749820E-02 -4.795969624E-02 -3.913769309E+01 
        19 -6.117672193E-02  3.151749820E-02 -4.768167606E-02 -4.057406579E+01 
        20 -5.816345970E-02  2.185933882E-02 -4.747992563E-02 -3.799255214E+01 
        21 -5.816178331E-02 -1.465261732E-02 -4.747041356E-02 -4.085098625E+01 
        22 -5.814249165E-02 -2.376710785E-02 -4.736101214E-02 -4.171990637E+01 
        23 -6.198759200E-02 -3.848249838E-02 -4.726691600E-02  7.341445182E-01 
        24 -5.805232168E-02  1.425457743E-02 -4.684963207E-02 -3.888019016E+01 
        25 -5.801510538E-02 -3.340486624E-02 -4.663856368E-02 -6.068512535E+01 
        26 -6.885929882E-02  3.151749820E-02 -4.658173176E-02 -4.101395643E+01 
        27 -5.793022970E-02  6.149400695E-03 -4.615721199E-02 -4.004429696E+01 
        28 -5.786449275E-02 -1.760761338E-03 -4.578440040E-02 -4.063734660E+01 
        29 -5.779334011E-02 -1.066185128E-02 -4.538086877E-02 -4.076018747E+01 
        30 -5.769852694E-02 -1.883072357E-02 -4.484315898E-02 -4.142527261E+01 
        31 -6.242621234E-02  3.151749820E-02 -4.475477941E-02 -4.175212836E+01 
        32 -5.766962156E-02 -3.549965132E-02 -4.467922409E-02 -6.975437156E+01 
        33 -5.766870293E-02 -2.743197647E-02 -4.467402085E-02 -4.238491215E+01 
        34 -5.762873267E-02 -3.848249838E-02 -4.444733070E-02 -3.545715155E+01 
        35 -6.076415463E-02 -3.848249838E-02 -4.413357448E-02  4.190889876E+00 
        36 -6.774256804E-02  3.151749820E-02 -4.405952621E-02 -4.162568126E+01 
        37 -5.749640141E-02  1.453283843E-02 -4.369685406E-02 -3.976206928E+01 
        38 -5.748485139E-02 -1.883690129E-03 -4.363134854E-02 -4.093732595E+01 
        39 -5.743980937E-02  2.187429980E-02 -4.337590449E-02 -3.861030486E+01 
        40 -7.530381783E-02  3.151749820E-02 -4.331499567E-02 -4.178338748E+01 
        41 -6.987040634E-02 -3.848249838E-02 -4.327110520E-02  1.552600461E+01 
        42 -5.728714532E-02  2.825253502E-02 -4.251009628E-02 -3.767255284E+01 
        43 -5.724041005E-02  6.688713472E-03 -4.224505212E-02 -4.059801573E+01 
        44 -5.715479553E-02 -9.990061925E-03 -4.175950371E-02 -4.090775645E+01 
        45 -5.714742235E-02  2.404301512E-02 -4.171769261E-02 -3.789738340E+01 
        46 -5.712138250E-02  2.942217090E-02 -4.157000824E-02 -3.714954233E+01 
        47 -5.711755120E-02  1.768213742E-02 -4.154828727E-02 -3.922324394E+01 
        48 -5.711645423E-02  3.151749820E-02 -4.154206528E-02 -4.106093421E+01 
        49 -7.425871120E-02  3.151749820E-02 -4.111986633E-02 -4.211400246E+01 
        50 -5.703426701E-02 -1.875085921E-02 -4.107595356E-02 -4.186081306E+01 
        51 -6.022729738E-02  3.151749820E-02 -4.102235045E-02 -4.425588933E+01 
        52 -6.946026380E-02  3.151749820E-02 -4.101304940E-02 -4.220987100E+01 
        53 -5.695070730E-02  1.042044720E-02 -4.060206683E-02 -4.032460417E+01 
        54 -5.691505876E-02 -6.555472724E-03 -4.039989114E-02 -4.097523844E+01 
        55 -5.690725809E-02  5.711819593E-04 -4.035565644E-02 -4.102392627E+01 
        56 -6.284120299E-02 -3.848249838E-02 -4.021169882E-02  4.753808040E+00 
        57 -8.144627646E-02  3.151749820E-02 -4.020137587E-02 -4.185474133E+01 
        58 -5.680733317E-02  3.914292237E-03 -3.978895144E-02 -4.091505634E+01 
        59 -6.828579657E-02 -3.848249838E-02 -3.975485023E-02  1.300863656E+01 
        60 -5.674517284E-02 -1.206346610E-02 -3.943641439E-02 -4.076219953E+01 
        61 -5.671329493E-02 -1.660126029E-02 -3.925563078E-02 -4.117971448E+01 
        62 -7.786588672E-02 -3.848249838E-02 -3.921818287E-02  2.383904303E+01 
        63 -5.670573665E-02 -2.690302966E-02 -3.921276224E-02 -4.394275092E+01 
        64 -6.077508499E-02  3.151749820E-02 -3.900146088E-02 -4.556115761E+01 
        65 -6.857681434E-02  3.151749820E-02 -3.895075358E-02 -4.321677856E+01 
        66 -8.067139755E-02  3.151749820E-02 -3.871665049E-02 -4.205003635E+01 
        67 -5.658004875E-02  1.100081506E-02 -3.849995695E-02 -4.025350944E+01 
        68 -5.656387662E-02  1.759133850E-02 -3.840824261E-02 -3.894928924E+01 
        69 -5.652793783E-02 -3.437541023E-02 -3.820441625E-02 -5.633707455E+01 
        70 -7.641769922E-02  3.151749820E-02 -3.818073420E-02 -4.231721042E+01 
        71 -5.649114078E-02 -5.635175684E-03 -3.799573259E-02 -4.107193122E+01 
        72 -5.648466475E-02 -2.372206204E-02 -3.795900292E-02 -4.343558488E+01 
        73 -5.635432944E-02 -1.619431304E-03 -3.721984304E-02 -4.114656114E+01 
        74 -6.382648379E-02  3.151749820E-02 -3.719033663E-02 -4.423158222E+01 
        75 -5.634721113E-02 -2.994349321E-02 -3.717946314E-02 -4.537888738E+01 
        76 -8.743936751E-02  3.151749820E-02 -3.716346924E-02 -4.127444480E+01 
        77 -5.628217792E-02  2.353002945E-02 -3.681064609E-02 -3.663258305E+01 
        78 -5.627238085E-02  1.483202907E-02 -3.675508767E-02 -3.945171590E+01 
        79 -7.658578301E-02 -3.848249838E-02 -3.670524185E-02  2.209057761E+01 
        80 -5.618541324E-02 -3.674695009E-02 -3.626186317E-02 -6.451227334E+01 
        81 -5.618443143E-02  2.883264157E-02 -3.625629761E-02 -3.537529342E+01 
        82 -5.617682324E-02 -3.848249838E-02 -3.621314597E-02 -4.188312697E+01 
        83 -7.095080176E-02 -3.848249838E-02 -3.615082269E-02  1.483118763E+01 
        84 -5.613479761E-02  2.070335540E-02 -3.597481444E-02 -3.716160708E+01 
        85 -8.672656514E-02  3.151749820E-02 -3.597340063E-02 -4.139385526E+01 
        86 -5.609151034E-02  4.588989867E-03 -3.572932136E-02 -4.101897293E+01 
        87 -5.980431171E-02 -3.848249838E-02 -3.562375321E-02 -6.915463689E+00 
        88 -5.606357106E-02  3.151749820E-02 -3.557086862E-02 -4.241283036E+01 
        89 -5.605674044E-02  3.009474477E-02 -3.553212917E-02 -3.466838799E+01 
        90 -8.281360403E-02  3.151749820E-02 -3.551909977E-02 -4.190879069E+01 
        91 -5.604023852E-02  2.565118298E-02 -3.543853692E-02 -3.450186017E+01 
        92 -8.556832158E-02 -3.848249838E-02 -3.531380777E-02  2.747515715E+01 
        93 -5.600497375E-02 -1.105752394E-02 -3.523853681E-02 -4.036547807E+01 
        94 -5.785781583E-02  3.151749820E-02 -3.521455171E-02 -4.836966271E+01 
        95 -5.597675617E-02  9.058075839E-03 -3.507851436E-02 -4.040565596E+01 
        96 -5.596370086E-02 -6.898706698E-03 -3.500446845E-02 -4.091104663E+01 
        97 -5.595847197E-02 -2.270873213E-02 -3.497481686E-02 -4.304274310E+01 
        98 -5.594413983E-02 -1.696760207E-02 -3.489353597E-02 -4.040148266E+01 
        99 -7.542961470E-02  3.151749820E-02 -3.487530568E-02 -4.274310819E+01 
       100 -7.010701882E-02  3.151749820E-02 -3.486107383E-02 -4.368162271E+01 
       101 -5.591285853E-02 -9.342482975E-04 -3.471613574E-02 -4.117734317E+01 
       102 -5.587324801E-02  6.517833602E-03 -3.449149282E-02 -4.077791734E+01 
       103 -5.582574215E-02 -9.128302587E-03 -3.422206431E-02 -4.040217032E+01 
       104 -9.344936501E-02  3.151749820E-02 -3.411699101E-02 -4.233727886E+01 
       105 -8.475944826E-02 -3.848249838E-02 -3.400235541E-02  2.725611735E+01 
       106 -6.409838203E-02  3.151749820E-02 -3.392166216E-02 -4.509691325E+01 
       107 -5.576598342E-02  1.471227348E-02 -3.388316602E-02 -3.903001111E+01 
       108 -5.573636012E-02  1.009845022E-03 -3.371516556E-02 -4.114724813E+01 
       109 -7.300576309E-02  3.151749820E-02 -3.370408296E-02 -4.325318227E+01 
       110 -5.572506932E-02 -1.924262203E-02 -3.365112781E-02 -4.079477299E+01 
       111 -5.568982773E-02  1.982671797E-02 -3.345126558E-02 -3.620510218E+01 
       112 -7.918562160E-02 -3.848249838E-02 -3.341546905E-02  2.219024949E+01 
       113 -5.567322457E-02 -1.428640210E-02 -3.335709616E-02 -3.965803689E+01 
       114 -8.169369238E-02  3.151749820E-02 -3.287647709E-02 -4.197802470E+01 
       115 -9.254682343E-02  3.151749820E-02 -3.285773904E-02 -4.275291804E+01 
       116 -6.052998181E-02 -3.848249838E-02 -3.283675033E-02 -1.439536413E+01 
       117 -5.557315935E-02 -4.076992533E-03 -3.278960173E-02 -4.099869411E+01 
       118 -5.875440186E-02  3.151749820E-02 -3.277457752E-02 -4.864505003E+01 
       119 -8.853003455E-02  3.151749820E-02 -3.276683956E-02 -4.094764609E+01 
       120 -9.618019313E-02  3.151749820E-02 -3.273272887E-02 -4.165008448E+01 
       121 -5.554221675E-02  1.153829935E-02 -3.261412111E-02 -3.968897045E+01 
       122 -9.615918831E-02  2.827082931E-02 -3.261359993E-02 -4.074390340E+01 
       123 -5.552889687E-02  1.625846119E-02 -3.253858266E-02 -3.754797161E+01 
       124 -6.733604100E-02  3.151749820E-02 -3.237142035E-02 -4.449902555E+01 
       125 -9.610975729E-02  2.063077093E-02 -3.233326370E-02 -4.226665890E+01 
       126 -7.853213179E-02  3.151749820E-02 -3.209255125E-02 -4.242169364E+01 
       127 -9.605391325E-02  1.199952275E-02 -3.201655570E-02 -4.322681565E+01 
       128 -6.177276044E-02  3.151749820E-02 -3.175246570E-02 -4.612083174E+01 
       129 -9.271909884E-02 -3.848249838E-02 -3.168906905E-02  2.303822239E+01 
       130 -9.599072007E-02  2.232386021E-03 -3.165816864E-02 -4.395245868E+01 
       131 -5.535193853E-02 -2.944530593E-02 -3.153499128E-02 -4.557797454E+01 
       132 -9.592523072E-02 -7.889698828E-03 -3.128675710E-02 -4.421566799E+01 
       133 -7.274986608E-02  3.151749820E-02 -3.126002750E-02 -4.340501024E+01 
       134 -6.736788679E-02  3.151749820E-02 -3.125584013E-02 -4.458666581E+01 
       135 -5.526246197E-02 -2.510149316E-02 -3.102754401E-02 -4.258392938E+01 
       136 -9.586311338E-02 -1.749054381E-02 -3.093447185E-02 -4.393921278E+01 
       137 -5.522632010E-02  2.545320390E-02 -3.082257668E-02 -3.210808697E+01 
       138 -5.519466067E-02 -3.176832393E-02 -3.064302704E-02 -4.644594832E+01 
       139 -6.923372259E-02 -3.848249838E-02 -3.063338208E-02  6.401059432E-01 
       140 -9.580601420E-02 -2.631567296E-02 -3.061064976E-02 -4.638998853E+01 
       141 -5.517819633E-02 -3.499754306E-02 -3.054965549E-02 -5.808185362E+01 
       142 -5.516932003E-02 -2.766445058E-02 -3.049930880E-02 -4.398390210E+01 
       143 -5.516077933E-02  2.139496516E-02 -3.045087868E-02 -3.449552328E+01 
       144 -5.515953131E-02  1.290730788E-03 -3.044380281E-02 -4.111620207E+01 
       145 -5.515684495E-02  6.233006324E-03 -3.042856722E-02 -4.085170984E+01 
       146 -5.514948551E-02 -4.129564003E-03 -3.038682629E-02 -4.074770575E+01 
       147 -5.514940923E-02 -1.415594452E-02 -3.038639117E-02 -3.904171251E+01 
       148 -5.514605465E-02 -9.229948250E-03 -3.036736645E-02 -4.005500090E+01 
       149 -7.806714963E-02  3.151749820E-02 -3.032798341E-02 -4.240175820E+01 
       150 -6.205084833E-02  3.151749820E-02 -3.032563275E-02 -4.637066555E+01 
       151 -9.575007128E-02 -3.496223498E-02 -3.029337965E-02 -4.736884310E+01 
       152 -8.717636315E-02  3.151749820E-02 -3.026237099E-02 -4.125744729E+01 
       153 -5.512605477E-02  1.121582367E-02 -3.025394691E-02 -3.971335971E+01 
       154 -9.574049523E-02  2.804288524E-02 -3.023907139E-02 -4.101501009E+01 
       155 -5.511870191E-02 -3.289024574E-02 -3.021224513E-02 -4.764122698E+01 
       156 -8.664681482E-02 -3.848249838E-02 -3.020900333E-02  2.527407892E+01 
       157 -5.511484455E-02 -1.904865022E-02 -3.019036774E-02 -3.961891317E+01 
       158 -5.511152067E-02  2.989440355E-02 -3.017151395E-02 -3.245966783E+01 
       159 -9.572729468E-02 -3.848249838E-02 -3.016421013E-02 -1.330807521E+01 
       160 -5.510855285E-02  3.151749820E-02 -3.015468347E-02 -4.210346491E+01 
       161 -9.572240740E-02  1.193301868E-02 -3.013648628E-02 -4.311711851E+01 
       162 -8.378098641E-02  3.151749820E-02 -2.993737121E-02 -4.168185752E+01 
       163 -5.506721012E-02  1.602011319E-02 -2.992022371E-02 -3.751115254E+01 
       164 -9.403702157E-02  3.151749820E-02 -2.983010589E-02 -4.436776862E+01 
       165 -5.651112756E-02  3.151749820E-02 -2.980620001E-02 -4.954944472E+01 
       166 -5.504287093E-02  2.366190519E-02 -2.978218491E-02 -3.283438452E+01 
       167 -5.500789464E-02  2.887440946E-02 -2.958382147E-02 -3.128992526E+01 
       168 -9.561919223E-02  2.881504112E-02 -2.955112765E-02 -4.056757996E+01 
       169 -9.124460115E-02 -3.848249838E-02 -2.950276523E-02  2.590008868E+01 
       170 -6.601418206E-02 -3.848249838E-02 -2.948073277E-02 -1.128189694E+01 
       171 -9.558582784E-02  3.151749820E-02 -2.936190204E-02 -4.290556569E+01 
       172 -5.494339364E-02  3.226977241E-03 -2.921802301E-02 -4.103902701E+01 
       173 -9.554784201E-02  2.356513882E-02 -2.914647291E-02 -4.194139524E+01 
       174 -5.492648904E-02 -1.200550920E-02 -2.912214709E-02 -3.943560578E+01 
       175 -5.490631688E-02 -7.007033995E-03 -2.900774601E-02 -4.034251990E+01 
       176 -5.490176592E-02  8.391450394E-03 -2.898193790E-02 -4.045055438E+01 
       177 -5.489752589E-02 -1.697686371E-02 -2.895788988E-02 -3.885828679E+01 
       178 -9.551105586E-02  1.747449614E-02 -2.893785214E-02 -4.262153833E+01 
       179 -5.489158175E-02 -1.914339839E-03 -2.892418046E-02 -4.092837586E+01 
       180 -5.485704061E-02 -2.215344949E-02 -2.872828826E-02 -4.064676715E+01 
       181 -5.484628114E-02 -3.745222438E-02 -2.866727261E-02 -6.165489567E+01 
       182 -5.484592924E-02 -3.848249838E-02 -2.866527801E-02 -4.874489649E+01 
       183 -5.482412151E-02  1.352534418E-02 -2.854159518E-02 -3.881940829E+01 
       184 -5.696578568E-02  3.151749820E-02 -2.850103391E-02 -4.801387300E+01 
       185 -8.318174372E-02  3.151749820E-02 -2.849133822E-02 -4.163546156E+01 
       186 -5.684182277E-02 -3.848249838E-02 -2.831540441E-02 -2.503968662E+01 
       187 -5.477554690E-02  1.858206627E-02 -2.826611445E-02 -3.584518195E+01 
       188 -7.810500890E-02 -3.848249838E-02 -2.809896120E-02  9.482824046E+00 
       189 -9.530673715E-02 -2.435166651E-02 -2.777910364E-02 -4.329012670E+01 
       190 -9.527639634E-02 -2.028170241E-02 -2.760704199E-02 -4.324442839E+01 
       191 -5.462978035E-02 -3.050000034E-02 -2.743942849E-02 -4.725306335E+01 
       192 -5.462978035E-02 -2.787629517E-02 -2.743942849E-02 -4.465294337E+01 
       193 -5.462978035E-02 -2.482890081E-02 -2.743942849E-02 -4.203505537E+01 
       194 -5.462978035E-02 -2.226716933E-02 -2.743942849E-02 -4.075600834E+01 
       195 -5.462978035E-02 -1.703163811E-02 -2.743942849E-02 -3.918829083E+01 
       196 -5.462978035E-02 -1.202514511E-02 -2.743942849E-02 -3.936145621E+01 
       197 -5.462978035E-02 -7.012547070E-03 -2.743942849E-02 -4.016355716E+01 
       198 -5.462978035E-02 -1.914009811E-03 -2.743942849E-02 -4.074797266E+01 
       199 -5.462978035E-02  3.232158095E-03 -2.743942849E-02 -4.099566459E+01 
       200 -5.462978035E-02  8.406130417E-03 -2.743942849E-02 -4.052166514E+01 
       201 -5.462978035E-02  1.355900501E-02 -2.743942849E-02 -3.916352907E+01 
       202 -5.462978035E-02  1.865009095E-02 -2.743942849E-02 -3.672229486E+01 
       203 -5.462978035E-02  2.379908961E-02 -2.743942849E-02 -3.330761562E+01 
       204 -5.462978035E-02  2.912044194E-02 -2.743942849E-02 -3.282870214E+01 
       205 -5.462978035E-02  3.151749820E-02 -2.743942849E-02 -4.106319777E+01 
       206 -8.878321332E-02  3.151749820E-02 -2.718134018E-02 -4.096159344E+01 
       207 -9.188549258E-02  3.151749820E-02 -2.701123681E-02 -4.281099362E+01 
       208 -9.516440253E-02 -3.070828511E-02 -2.697188255E-02 -4.901781258E+01 
       209 -9.255221965E-02 -3.848249838E-02 -2.688485424E-02  1.954278379E+01 
       210 -9.505819338E-02  3.151749820E-02 -2.636952608E-02 -4.331934547E+01 
       211 -9.503343389E-02 -3.848249838E-02 -2.622911906E-02 -1.909011963E+01 
       212 -9.503175192E-02 -7.649361622E-03 -2.621959395E-02 -4.416821237E+01 
       213 -9.502269967E-02  6.104049471E-03 -2.616824911E-02 -4.380097767E+01 
       214 -9.502269967E-02  1.021414059E-02 -2.616824911E-02 -4.335559436E+01 
       215 -7.430769353E-02 -3.848249838E-02 -2.613345033E-02 -2.640035515E+00 
       216 -9.501470539E-02 -3.717026607E-02 -2.612290565E-02 -5.324092006E+01 
       217 -9.498995967E-02 -7.351308611E-03 -2.598257929E-02 -4.413070672E+01 
       218 -9.498995967E-02 -3.249542506E-03 -2.598257929E-02 -4.400053172E+01 
       219 -9.495767296E-02 -1.234182053E-02 -2.579946139E-02 -4.400689975E+01 
       220 -8.795556427E-02  3.151749820E-02 -2.578121503E-02 -4.112676209E+01 
       221 -8.337152800E-02 -3.848249838E-02 -2.559048667E-02  1.135993613E+01 
       222 -9.491928015E-02  9.048686199E-03 -2.558172837E-02 -4.367264247E+01 
       223 -9.480104665E-02 -3.052994046E-02 -2.491118668E-02 -4.600606333E+01 
       224 -9.478179752E-02 -3.332349943E-02 -2.480201816E-02 -4.972824366E+01 
       225 -5.826434362E-02 -3.848249838E-02 -2.471057490E-02 -2.914889206E+01 
       226 -5.414058861E-02 -3.050000034E-02 -2.466508315E-02 -4.637694898E+01 
       227 -5.411677567E-02 -3.189424204E-02 -2.453003535E-02 -4.659283251E+01 
       228 -6.409221775E-02 -3.848249838E-02 -2.422594866E-02 -2.214073661E+01 
       229 -9.465046170E-02  1.841879145E-02 -2.405717875E-02 -4.247596679E+01 
       230 -9.461317671E-02  2.269913899E-02 -2.384572795E-02 -4.218690856E+01 
       231 -5.396567324E-02 -3.540258419E-02 -2.367309631E-02 -5.374014731E+01 
       232 -9.329673759E-02  3.151749820E-02 -2.365076028E-02 -4.534137848E+01 
       233 -5.395456530E-02 -3.322542453E-02 -2.361009645E-02 -4.523230696E+01 
       234 -9.454615800E-02 -1.943715309E-02 -2.346565258E-02 -4.348222268E+01 
       235 -9.454382635E-02  3.151749820E-02 -2.345241700E-02 -4.417360979E+01 
       236 -9.454252456E-02 -2.501269780E-02 -2.344503867E-02 -4.323490262E+01 
       237 -7.390377670E-02 -3.848249838E-02 -2.343223209E-02 -1.435621341E+01 
       238 -9.454014057E-02  2.884584826E-02 -2.343151394E-02 -4.152971403E+01 
       239 -9.453501552E-02  2.319082002E-02 -2.340245526E-02 -4.228244053E+01 
       240 -8.412237349E-02 -3.848249838E-02 -2.337734056E-02  7.549295934E-01 
       241 -9.452701049E-02 -3.006933148E-02 -2.335704913E-02 -4.391641421E+01 
       242 -9.444320225E-02 -3.160055024E-02 -2.288175131E-02 -4.433052969E+01 
       243 -9.441296412E-02 -3.848249838E-02 -2.271025027E-02 -2.996559482E+01 
       244 -9.439789935E-02  1.668310951E-02 -2.262483023E-02 -4.292221470E+01 
       245 -9.006279117E-02 -3.848249838E-02 -2.246393577E-02  7.121530926E+00 
       246 -9.219736888E-02  3.151749820E-02 -2.227299946E-02 -4.371240444E+01 
       247 -9.432852768E-02 -2.782343376E-02 -2.223140139E-02 -4.341897405E+01 
       248 -9.430792066E-02 -1.546008676E-02 -2.211454099E-02 -4.389521303E+01 
       249 -5.365380871E-02 -3.848249838E-02 -2.190442922E-02 -4.733641846E+01 
       250 -5.365312062E-02 -3.747087316E-02 -2.190052518E-02 -5.460098389E+01 
       251 -9.425395400E-02  6.450690678E-04 -2.180848193E-02 -4.392958402E+01 
       252 -9.423612955E-02 -3.538437724E-02 -2.170738413E-02 -5.011605630E+01 
       253 -9.419641240E-02 -3.359508708E-02 -2.148213873E-02 -4.256079849E+01 
       254 -9.419215942E-02 -2.210752577E-02 -2.145802652E-02 -4.334180396E+01 
       255 -5.623483215E-02 -3.848249838E-02 -2.144529994E-02 -3.317631691E+01 
       256 -6.530482767E-02 -3.848249838E-02 -2.144191071E-02 -2.530586902E+01 
       257 -9.402208775E-02 -3.050000034E-02 -2.049350180E-02 -4.016849078E+01 
       258 -9.402208775E-02 -2.806626086E-02 -2.049350180E-02 -4.408697129E+01 
       259 -9.402208775E-02 -2.223513681E-02 -2.049350180E-02 -4.361716729E+01 
       260 -9.402208775E-02 -1.555456031E-02 -2.049350180E-02 -4.383391862E+01 
       261 -9.402208775E-02 -7.740274420E-03 -2.049350180E-02 -4.397930197E+01 
       262 -9.402208775E-02  6.674938103E-04 -2.049350180E-02 -4.386246610E+01 
       263 -9.402208775E-02  9.148849951E-03 -2.049350180E-02 -4.362111718E+01 
       264 -9.402208775E-02  1.685146254E-02 -2.049350180E-02 -4.289249738E+01 
       265 -9.402208775E-02  2.344238091E-02 -2.049350180E-02 -4.236062223E+01 
       266 -9.402208775E-02  2.911543540E-02 -2.049350180E-02 -4.178026240E+01 
       267 -9.402208775E-02  3.151749820E-02 -2.049350180E-02 -4.284324296E+01 
       268 -6.934453299E-02 -3.848249838E-02 -2.026065853E-02 -2.251140498E+01 
       269 -9.394491475E-02 -3.848249838E-02 -2.005581698E-02 -2.703757678E+01 
       270 -9.123303039E-02 -3.848249838E-02 -1.983247897E-02 -3.779088319E+00 
       271 -9.382494780E-02 -3.771468032E-02 -1.937545299E-02 -4.783021694E+01 
       272 -5.313523405E-02 -3.050000034E-02 -1.896343872E-02 -4.051879254E+01 
       273 -8.187320058E-02 -3.848249838E-02 -1.896198508E-02 -1.360152176E+01 
       274 -5.311675101E-02 -3.177683740E-02 -1.885861752E-02 -4.108928249E+01 
       275 -7.833014255E-02 -3.848249838E-02 -1.856646060E-02 -1.838362837E+01 
       276 -5.727214460E-02 -3.848249838E-02 -1.848060056E-02 -3.457571470E+01 
       277 -9.356466912E-02 -3.050000034E-02 -1.789935543E-02 -3.338514727E+01 
       278 -9.354376920E-02 -3.151197387E-02 -1.778082460E-02 -3.690856750E+01 
       279 -5.288243287E-02 -3.551677809E-02 -1.752973532E-02 -4.641781250E+01 
       280 -5.287909078E-02 -3.334077813E-02 -1.751078092E-02 -3.846505430E+01 
       281 -6.216137970E-02 -3.848249838E-02 -1.737119861E-02 -3.249617838E+01 
       282 -8.948438177E-02 -3.848249838E-02 -1.657509019E-02 -1.471856699E+01 
       283 -8.410248966E-02 -3.848249838E-02 -1.614047827E-02 -1.950958615E+01 
       284 -5.256276379E-02 -3.848249838E-02 -1.571680352E-02 -4.270890550E+01 
       285 -5.256273641E-02 -3.742529446E-02 -1.571664807E-02 -4.517195342E+01 
       286 -9.315197057E-02 -3.528003704E-02 -1.555881989E-02 -4.258214222E+01 
       287 -9.314519740E-02 -3.366816273E-02 -1.552041005E-02 -3.551228746E+01 
       288 -5.503119932E-02 -3.848249838E-02 -1.528139166E-02 -3.590822343E+01 
       289 -7.037601960E-02 -3.848249838E-02 -1.519774530E-02 -2.889346154E+01 
       290 -7.572274801E-02 -3.848249838E-02 -1.414936142E-02 -2.746456174E+01 
       291 -6.314085120E-02 -3.848249838E-02 -1.378449921E-02 -3.466679394E+01 
       292 -5.214606369E-02 -3.050000034E-02 -1.335357713E-02 -3.411806277E+01 
       293 -5.213663068E-02 -3.165766410E-02 -1.330007974E-02 -3.475818696E+01 
       294 -9.114834240E-02 -3.848249838E-02 -1.294583831E-02 -2.180301517E+01 
       295 -9.264470816E-02 -3.791810489E-02 -1.268198862E-02 -4.216732136E+01 
       296 -9.264416728E-02 -3.848249838E-02 -1.267891998E-02 -3.354003536E+01 
       297 -6.786439633E-02 -3.848249838E-02 -1.246860844E-02 -3.365594095E+01 
       298 -9.258676438E-02 -3.050000034E-02 -1.235338291E-02 -3.304199569E+01 
       299 -9.255787369E-02 -3.142301131E-02 -1.218953488E-02 -3.488432170E+01 
       300 -5.588994855E-02 -3.848249838E-02 -1.215167847E-02 -3.673798553E+01 
       301 -5.185680926E-02 -3.555507008E-02 -1.171313190E-02 -3.810398017E+01 
       302 -5.185624728E-02 -3.334928129E-02 -1.170994412E-02 -3.323864354E+01 
       303 -8.363305875E-02 -3.848249838E-02 -1.155896188E-02 -2.772994143E+01 
       304 -6.055083554E-02 -3.848249838E-02 -1.090991334E-02 -3.748498768E+01 
       305 -7.698839532E-02 -3.848249838E-02 -1.047879686E-02 -3.207058290E+01 
       306 -5.153881076E-02 -3.734548648E-02 -9.909672406E-03 -3.659648755E+01 
       307 -5.153778738E-02 -3.848249838E-02 -9.903869949E-03 -3.685317800E+01 
       308 -8.837254914E-02 -3.848249838E-02 -9.787345745E-03 -2.874928580E+01 
       309 -5.376349879E-02 -3.848249838E-02 -9.517400182E-03 -3.584751848E+01 
       310 -8.085745361E-02 -3.848249838E-02 -9.379751112E-03 -3.210284593E+01 
       311 -9.205825025E-02 -3.523174369E-02 -9.356024011E-03 -3.956328331E+01 
       312 -9.205707266E-02 -3.375002377E-02 -9.349346898E-03 -3.715278471E+01 
       313 -6.868163950E-02 -3.848249838E-02 -8.660435891E-03 -3.664516014E+01 
       314 -5.116037716E-02 -3.050000034E-02 -7.763468744E-03 -3.041612086E+01 
       315 -5.115722382E-02 -3.164179988E-02 -7.745584281E-03 -3.091679992E+01 
       316 -5.433956227E-02 -3.848249838E-02 -7.001810562E-03 -3.631466514E+01 
       317 -6.119329920E-02 -3.848249838E-02 -6.914764277E-03 -3.865791513E+01 
       318 -7.342317563E-02 -3.848249838E-02 -6.886611191E-03 -3.633883251E+01 
       319 -8.919642549E-02 -3.848249838E-02 -6.417518341E-03 -3.297039949E+01 
       320 -9.153149192E-02 -3.050000034E-02 -6.368626641E-03 -3.756189213E+01 
       321 -9.152625747E-02 -3.136613292E-02 -6.338940747E-03 -3.827391883E+01 
       322 -5.087426230E-02 -3.561815611E-02 -6.095804069E-03 -3.194245795E+01 
       323 -5.087132054E-02 -3.331101610E-02 -6.091175431E-03 -2.988987160E+01 
       324 -9.146944149E-02 -3.790995129E-02 -6.016723730E-03 -4.097431252E+01 
       325 -9.146891939E-02 -3.848249838E-02 -6.013763022E-03 -3.733174994E+01 
       326 -6.524471084E-02 -3.848249838E-02 -5.314812197E-03 -3.885413341E+01 
       327 -5.877051526E-02 -3.848249838E-02 -5.078013094E-03 -3.894789599E+01 
       328 -8.210007053E-02 -3.848249838E-02 -4.800582295E-03 -3.636174229E+01 
       329 -5.064639373E-02 -3.729534451E-02 -4.336122850E-03 -3.100270033E+01 
       330 -5.069584724E-02 -3.848249838E-02 -4.320624351E-03 -3.240204213E+01 
       331 -8.718665080E-02 -3.848249838E-02 -4.170758423E-03 -3.651386055E+01 
       332 -5.213187257E-02 -3.848249838E-02 -4.150880162E-03 -3.448561224E+01 
       333 -7.388787201E-02 -3.848249838E-02 -3.905777154E-03 -3.872480050E+01 
       334 -9.097682794E-02 -3.535204787E-02 -3.222966934E-03 -4.102372164E+01 
       335 -9.097617827E-02 -3.367081317E-02 -3.219279375E-03 -3.994079866E+01 
       336 -8.098415698E-02 -3.848249838E-02 -3.129720156E-03 -3.874171176E+01 
       337 -5.042027917E-02 -3.169272213E-02 -2.293592273E-03 -2.912885895E+01 
       338 -5.046399957E-02 -3.050000034E-02 -2.293320135E-03 -2.895078397E+01 
       339 -7.678174295E-02 -3.848249838E-02 -2.037961687E-03 -3.916492689E+01 
       340 -5.819898924E-02 -3.848249838E-02 -1.784754944E-03 -3.879368110E+01 
       341 -6.604312143E-02 -3.848249838E-02 -1.508082732E-03 -4.040601926E+01 
       342 -5.341945208E-02 -3.848249838E-02 -1.352494519E-03 -3.513180343E+01 
       343 -5.035049095E-02 -3.565977832E-02 -5.937834003E-04 -2.912477151E+01 
       344 -5.033112291E-02 -3.330511782E-02 -5.887786054E-04 -2.889323576E+01 
       345 -9.047440902E-02 -3.050000034E-02 -3.736040757E-04 -4.125188345E+01 
       346 -6.988390065E-02 -3.848249838E-02 -2.739938028E-04 -4.046297011E+01 
       347 -8.817505586E-02 -3.848249838E-02  7.341077820E-05 -3.896692197E+01 
       348 -5.937343397E-02 -3.848249838E-02  2.524287148E-04 -3.984364615E+01 
       349 -9.031661071E-02 -3.774425255E-02  4.596537876E-04 -4.275020006E+01 
       350 -9.031223089E-02 -3.848249838E-02  4.735483092E-04 -4.116639755E+01 
       351 -6.354525752E-02 -3.848249838E-02  9.853794074E-04 -4.109649009E+01 
       352 -5.236083190E-02 -3.848249838E-02  1.053747769E-03 -3.342919027E+01 
       353 -5.043402955E-02 -3.729231161E-02  1.162750313E-03 -2.923015655E+01 
       354 -5.050900207E-02 -3.848249838E-02  1.164864716E-03 -3.067693350E+01 
       355 -8.271202850E-02 -3.848249838E-02  1.641353069E-03 -4.063312044E+01 
       356 -7.666262514E-02 -3.848249838E-02  2.205123405E-03 -4.105898170E+01 
       357 -7.079889629E-02 -3.848249838E-02  2.251054234E-03 -4.160821809E+01 
       358 -8.614187997E-02 -3.848249838E-02  2.268498336E-03 -4.088095063E+01 
       359 -8.992408124E-02 -3.575371995E-02  2.449421606E-03 -4.371517220E+01 
       360 -8.991752262E-02 -3.342425246E-02  2.458221924E-03 -4.292694504E+01 
       361 -5.355058782E-02 -3.848249838E-02  2.945883961E-03 -3.484491616E+01 
       362 -5.070471874E-02 -3.050000034E-02  3.138809208E-03 -3.040519128E+01 
       363 -5.755359053E-02 -3.848249838E-02  3.139523564E-03 -3.902476967E+01 
       364 -5.063885887E-02 -3.166215860E-02  3.147224519E-03 -2.992434896E+01 
       365 -7.499306645E-02 -3.848249838E-02  3.467791573E-03 -4.181447664E+01 
       366 -8.041043808E-02 -3.848249838E-02  3.698637832E-03 -4.175351160E+01 
       367 -6.409542101E-02 -3.848249838E-02  4.851256519E-03 -4.196963523E+01 
       368 -5.098973649E-02 -3.337155074E-02  4.895847212E-03 -3.092707060E+01 
       369 -5.099622922E-02 -3.561531443E-02  4.902135439E-03 -2.988371558E+01 
       370 -8.906000430E-02 -3.050000034E-02  5.530123256E-03 -4.470712352E+01 
       371 -5.838587139E-02 -3.848249838E-02  5.948045835E-03 -3.992650386E+01 
       372 -8.691625477E-02 -3.848249838E-02  5.956639627E-03 -4.241470649E+01 
       373 -6.883773930E-02 -3.848249838E-02  6.221031903E-03 -4.268787842E+01 
       374 -5.256472191E-02 -3.848249838E-02  6.225267174E-03 -3.465653912E+01 
       375 -7.507134073E-02 -3.848249838E-02  6.459846422E-03 -4.288578066E+01 
       376 -5.158579142E-02 -3.848249838E-02  6.564609261E-03 -3.277404992E+01 
       377 -5.152786950E-02 -3.731633690E-02  6.583501404E-03 -3.221754996E+01 
       378 -8.873271876E-02 -3.743313760E-02  6.594849604E-03 -4.610584567E+01 
       379 -8.869773200E-02 -3.848249838E-02  6.600829777E-03 -4.460380032E+01 
       380 -6.720408948E-02 -3.848249838E-02  6.763075856E-03 -4.279090958E+01 
       381 -6.081797451E-02 -3.848249838E-02  7.082022093E-03 -4.162620557E+01 
       382 -8.063501089E-02 -3.848249838E-02  7.288255147E-03 -4.309879637E+01 
       383 -5.527788533E-02 -3.848249838E-02  8.261155438E-03 -3.712581204E+01 
       384 -7.213303891E-02 -3.848249838E-02  8.394951234E-03 -4.326884432E+01 
       385 -5.237732165E-02 -3.050000034E-02  8.443550290E-03 -3.453199281E+01 
       386 -5.231033203E-02 -3.158839048E-02  8.453009448E-03 -3.409400608E+01 
       387 -7.810895519E-02 -3.848249838E-02  8.503509701E-03 -4.351604166E+01 
       388 -8.795266823E-02 -3.450391853E-02  8.897742372E-03 -4.741057670E+01 
       389 -8.374075290E-02 -3.848249838E-02  8.913290072E-03 -4.360685932E+01 
       390 -6.100558050E-02 -3.848249838E-02  9.719073406E-03 -4.228495233E+01 
       391 -5.320023753E-02 -3.559962348E-02  1.009646261E-02 -3.591181766E+01 
       392 -5.320303678E-02 -3.340269506E-02  1.009965223E-02 -3.693371493E+01 
       393 -8.406932012E-02 -3.848249838E-02  1.073236587E-02 -4.468504323E+01 
       394 -5.540299755E-02 -3.848249838E-02  1.076809327E-02 -3.843818762E+01 
       395 -6.629469181E-02 -3.848249838E-02  1.079171987E-02 -4.361739711E+01 
       396 -8.655852451E-02 -3.170158992E-02  1.094368457E-02 -4.817958005E+01 
       397 -8.652300262E-02 -3.050000034E-02  1.095317933E-02 -4.753571022E+01 
       398 -7.247555577E-02 -3.848249838E-02  1.137707077E-02 -4.410742351E+01 
       399 -6.355200932E-02 -3.848249838E-02  1.154534367E-02 -4.352288018E+01 
       400 -5.425573307E-02 -3.848249838E-02  1.160903446E-02 -3.926694966E+01 
       401 -5.423026544E-02 -3.742832602E-02  1.163069269E-02 -4.089419594E+01 
       402 -7.708466568E-02 -3.848249838E-02  1.183551907E-02 -4.439946773E+01 
       403 -5.798803525E-02 -3.848249838E-02  1.185811145E-02 -4.118407320E+01 
       404 -8.575534724E-02 -3.848249838E-02  1.203147721E-02 -4.732337400E+01 
       405 -8.578333911E-02 -3.768072307E-02  1.204828828E-02 -4.955494136E+01 
       406 -7.145768738E-02 -3.848249838E-02  1.260558689E-02 -4.463813600E+01 
       407 -6.815918169E-02 -3.848249838E-02  1.272874922E-02 -4.441037808E+01 
       408 -5.555767018E-02 -3.050000034E-02  1.314362495E-02 -4.209844185E+01 
       409 -5.550410156E-02 -3.154943283E-02  1.314810725E-02 -4.184789626E+01 
       410 -7.834896653E-02 -3.848249838E-02  1.421083005E-02 -4.523344196E+01 
       411 -8.377112055E-02 -3.558636183E-02  1.428880597E-02 -4.953726360E+01 
       412 -8.376043682E-02 -3.315338441E-02  1.429529298E-02 -4.844506627E+01 
       413 -5.693612089E-02 -3.349717606E-02  1.453913446E-02 -4.539174797E+01 
       414 -5.691824430E-02 -3.551989829E-02  1.454407304E-02 -4.568165284E+01 
       415 -8.012644619E-02 -3.848249838E-02  1.460326093E-02 -4.541850952E+01 
       416 -6.247090349E-02 -3.848249838E-02  1.516137254E-02 -4.439211444E+01 
       417 -5.890246619E-02 -3.848249838E-02  1.520326296E-02 -4.281185725E+01 
       418 -8.249903107E-02 -3.048814296E-02  1.530355439E-02 -4.736935506E+01 
       419 -8.252232727E-02 -3.150601214E-02  1.533104567E-02 -4.769704748E+01 
       420 -5.842247484E-02 -3.848249838E-02  1.583359055E-02 -4.699047059E+01 
       421 -5.841316777E-02 -3.752123551E-02  1.584428408E-02 -5.032434377E+01 
       422 -8.127831983E-02 -3.848249838E-02  1.628013041E-02 -4.806122909E+01 
       423 -8.128907815E-02 -3.768300791E-02  1.629382271E-02 -4.948130150E+01 
       424 -6.691086884E-02 -3.848249838E-02  1.660368365E-02 -4.547292821E+01 
       425 -7.274925315E-02 -3.848249838E-02  1.662632691E-02 -4.547380990E+01 
       426 -6.007991413E-02 -3.046160213E-02  1.680658904E-02 -4.820335652E+01 
       427 -6.004473052E-02 -3.147280137E-02  1.684013980E-02 -4.875345633E+01 
       428 -6.421336977E-02 -3.848249838E-02  1.726266511E-02 -4.524119668E+01 
       429 -7.527256874E-02 -3.848249838E-02  1.737263730E-02 -4.558366565E+01 
       430 -7.914236755E-02 -3.344520413E-02  1.747981251E-02 -4.665685336E+01 
       431 -7.915135593E-02 -3.544510709E-02  1.751212645E-02 -4.795878572E+01 
       432 -6.186805191E-02 -3.345359953E-02  1.779597548E-02 -4.993031083E+01 
       433 -6.187543604E-02 -3.548142165E-02  1.784686159E-02 -5.192131556E+01 
       434 -7.732890280E-02 -3.042325968E-02  1.823529445E-02 -4.636606164E+01 
       435 -7.732167982E-02 -3.145148865E-02  1.829846090E-02 -4.636775640E+01 
       436 -6.372842289E-02 -3.848249838E-02  1.866946176E-02 -5.059313740E+01 
       437 -6.372689592E-02 -3.748135604E-02  1.867922365E-02 -5.400773572E+01 
       438 -6.972203446E-02 -3.848249838E-02  1.871826913E-02 -4.574013167E+01 
       439 -7.573869142E-02 -3.848249838E-02  1.893320177E-02 -4.814633726E+01 
       440 -7.574322015E-02 -3.760699939E-02  1.895260899E-02 -4.899020137E+01 
       441 -6.559155173E-02 -3.037656683E-02  1.904354410E-02 -4.963733027E+01 
       442 -6.556876526E-02 -3.137319734E-02  1.908968948E-02 -5.026557550E+01 
       443 -7.353487202E-02 -3.340494037E-02  1.936958657E-02 -4.697696051E+01 
       444 -7.352684743E-02 -3.543414751E-02  1.940998570E-02 -4.897479116E+01 
       445 -6.758900470E-02 -3.335823364E-02  1.947866681E-02 -4.954486208E+01 
       446 -6.757442776E-02 -3.546490535E-02  1.952260162E-02 -5.228513385E+01 
       447 -7.153884108E-02 -3.035013828E-02  1.953924239E-02 -4.780889608E+01 
       448 -7.150635180E-02 -3.139771740E-02  1.960176179E-02 -4.834412689E+01 
       449 -6.969682491E-02 -3.848249838E-02  1.974070053E-02 -5.005268432E+01 
       450 -6.969594566E-02 -3.753442712E-02  1.975908118E-02 -5.221740284E+01 
