nodenumber     x-coordinate     y-coordinate     z-coordinate         pressure 
         1 -7.026677012E-02  4.084464020E-03 -4.838285694E-02 -7.306673484E+01 
         2 -6.470905138E-02  4.412244925E-03 -4.805507604E-02 -6.910602888E+01 
         3 -7.581600413E-02  4.457462143E-03 -4.800985882E-02 -7.340647910E+01 
         4 -7.563176648E-02  5.161818598E-03 -4.730550237E-02 -7.996715195E+01 
         5 -7.026634815E-02  5.322208653E-03 -4.714511231E-02 -8.038583099E+01 
         6 -5.930474615E-02  5.438369844E-03 -4.702895112E-02 -6.086761146E+01 
         7 -7.027706757E-02  2.559963013E-03 -4.694695594E-02 -6.560046865E+01 
         8 -8.120075809E-02  5.527823877E-03 -4.693949709E-02 -7.207960573E+01 
         9 -6.503775757E-02  5.684923270E-03 -4.678239769E-02 -7.664401941E+01 
        10 -6.471505136E-02  2.888515167E-03 -4.661967587E-02 -6.251386182E+01 
        11 -7.582818715E-02  2.926008087E-03 -4.656046745E-02 -6.666990989E+01 
        12 -7.275851208E-02  6.170763593E-03 -4.629655737E-02 -8.110419899E+01 
        13 -5.970906029E-02  6.177276166E-03 -4.629004480E-02 -6.751610937E+01 
        14 -6.778468367E-02  6.429557280E-03 -4.603776368E-02 -7.998435658E+01 
        15 -7.279299624E-02  1.685903439E-03 -4.593010573E-02 -6.599359101E+01 
        16 -6.742896758E-02  1.675624280E-03 -4.592604835E-02 -6.432365395E+01 
        17 -8.059104217E-02  6.642360261E-03 -4.582496070E-02 -7.806004621E+01 
        18 -6.285263439E-02  6.799972283E-03 -4.566734868E-02 -7.366372818E+01 
        19 -5.930263136E-02  3.917079053E-03 -4.559906724E-02 -5.605973806E+01 
        20 -7.823226629E-02  6.915269808E-03 -4.555205116E-02 -7.931225878E+01 
        21 -8.120961409E-02  3.992985786E-03 -4.547988573E-02 -6.519916721E+01 
        22 -5.420853344E-02  7.144525101E-03 -4.532279586E-02 -5.122282626E+01 
        23 -7.807079234E-02  2.349611654E-03 -4.528694343E-02 -6.599161266E+01 
        24 -6.213210828E-02  2.320763018E-03 -4.528162447E-02 -5.969759626E+01 
        25 -8.628410581E-02  7.280271683E-03 -4.518704928E-02 -6.881471575E+01 
        26 -8.559165174E-02  8.057231849E-03 -4.441008911E-02 -7.508807915E+01 
        27 -7.274986608E-02  1.820592748E-04 -4.439041412E-02 -6.453536130E+01 
        28 -6.736788679E-02  1.850201903E-04 -4.438745321E-02 -6.329429860E+01 
        29 -8.233810730E-02  8.099844717E-03 -4.436747625E-02 -7.704982775E+01 
        30 -5.505564617E-02  8.151114231E-03 -4.431620673E-02 -5.662618222E+01 
        31 -5.757307742E-02  8.158696758E-03 -4.430862421E-02 -6.281536828E+01 
        32 -5.175678567E-02  8.163301185E-03 -4.430401978E-02 -4.767460116E+01 
        33 -5.706938353E-02  3.604295967E-03 -4.401939121E-02 -5.223834150E+01 
        34 -8.314675403E-02  3.642964354E-03 -4.400609955E-02 -6.327171018E+01 
        35 -5.418433494E-02  5.622762861E-03 -4.388471982E-02 -4.880097724E+01 
        36 -7.806714963E-02  8.411139704E-04 -4.373135943E-02 -6.446886748E+01 
        37 -6.205084833E-02  8.427761364E-04 -4.372969726E-02 -6.026381978E+01 
        38 -8.629169071E-02  5.729349776E-03 -4.372579241E-02 -6.205462997E+01 
        39 -7.322811475E-02  8.940160812E-03 -4.352716015E-02 -8.431162608E+01 
        40 -7.649264239E-02  9.226104682E-03 -4.324121628E-02 -8.291096372E+01 
        41 -6.820847500E-02  9.260394657E-03 -4.320692631E-02 -8.439281554E+01 
        42 -5.319328301E-02  5.523465963E-03 -4.299643122E-02 -4.681567448E+01 
        43 -4.961543824E-02  9.473031553E-03 -4.299428941E-02 -4.644794683E+01 
        44 -9.086000449E-02  9.656280820E-03 -4.281104014E-02 -7.980242685E+01 
        45 -6.309220675E-02  9.756399600E-03 -4.271092136E-02 -7.654859697E+01 
        46 -5.696578568E-02  2.132962350E-03 -4.243951105E-02 -5.603473717E+01 
        47 -8.318174372E-02  2.139818240E-03 -4.243265516E-02 -6.239904772E+01 
        48 -7.140264257E-02  1.004096628E-02 -4.242635468E-02 -8.793046624E+01 
        49 -5.336061673E-02  1.019522364E-02 -4.227209732E-02 -5.269815204E+01 
        50 -8.709589576E-02  1.028088998E-02 -4.218643098E-02 -7.395270829E+01 
        51 -5.061629767E-02  1.032380786E-02 -4.214351311E-02 -4.844150718E+01 
        52 -8.788032454E-02  5.557452074E-03 -4.213405761E-02 -6.124053936E+01 
        53 -5.987093510E-02  1.046528842E-02 -4.200203254E-02 -7.012706926E+01 
        54 -6.533985810E-02  1.062384935E-02 -4.184347161E-02 -8.364442392E+01 
        55 -8.946575738E-02  1.072273200E-02 -4.174458896E-02 -8.910905457E+01 
        56 -5.462978035E-02  2.883630740E-03 -4.168884266E-02 -4.977367878E+01 
        57 -4.956849067E-02  8.032906464E-03 -4.156572678E-02 -4.505639155E+01 
        58 -5.181114359E-02  5.517140319E-03 -4.149080399E-02 -4.511373994E+01 
        59 -8.086182292E-02  1.107201123E-02 -4.139530973E-02 -8.023195369E+01 
        60 -9.086323501E-02  8.063306130E-03 -4.132536782E-02 -6.294532664E+01 
        61 -7.832590121E-02  1.133276957E-02 -4.113455140E-02 -8.514127091E+01 
        62 -8.795556427E-02  4.056164724E-03 -4.051630868E-02 -6.108982543E+01 
        63 -5.876327011E-02  1.216793829E-02 -4.029938268E-02 -6.842461500E+01 
        64 -5.530907163E-02  1.221961945E-02 -4.024770152E-02 -5.840963834E+01 
        65 -4.572995698E-02  1.228806290E-02 -4.017925806E-02 -4.527137919E+01 
        66 -4.931427857E-02  1.230897199E-02 -4.015834897E-02 -4.694964005E+01 
        67 -8.360804341E-02  1.240585755E-02 -4.006146342E-02 -7.878125776E+01 
        68 -9.039440595E-02  1.241619119E-02 -4.005112977E-02 -9.763540732E+01 
        69 -5.462978035E-02  1.188656010E-03 -3.999386793E-02 -4.568271462E+01 
        70 -9.478187918E-02  1.263233260E-02 -3.983498836E-02 -9.290176889E+01 
        71 -4.634564022E-02  1.270192034E-02 -3.976540062E-02 -4.593580121E+01 
        72 -9.208443029E-02  8.033516692E-03 -3.972271274E-02 -6.793274293E+01 
        73 -6.561608808E-02  1.280358953E-02 -3.966373144E-02 -8.885006348E+01 
        74 -5.178041402E-02  3.622726839E-03 -3.955024655E-02 -4.484448936E+01 
        75 -4.757718397E-02  8.572492037E-03 -3.949149230E-02 -4.473365508E+01 
        76 -4.566683339E-02  1.163654042E-02 -3.948042178E-02 -4.447559871E+01 
        77 -7.209513785E-02  1.310208451E-02 -3.936523645E-02 -9.396731643E+01 
        78 -9.360015049E-02  1.323150393E-02 -3.923581704E-02 -1.245293441E+02 
        79 -5.318681412E-02  1.690335121E-03 -3.914424635E-02 -4.482369037E+01 
        80 -7.614281524E-02  1.380765479E-02 -3.865966617E-02 -9.263377169E+01 
        81 -9.480156739E-02  1.102199785E-02 -3.834324614E-02 -6.614892564E+01 
        82 -6.993919791E-02  1.416878226E-02 -3.829853871E-02 -9.600863542E+01 
        83 -6.036400119E-02  1.417507010E-02 -3.829225087E-02 -7.621469652E+01 
        84 -9.655109303E-02  1.424635540E-02 -3.822096556E-02 -1.054882138E+02 
        85 -6.310179301E-02  1.443121083E-02 -3.803611013E-02 -8.626923322E+01 
        86 -9.219736888E-02  6.536847742E-03 -3.803562566E-02 -8.020709441E+01 
        87 -5.140547203E-02  1.449681074E-02 -3.797051023E-02 -4.803823634E+01 
        88 -5.340880614E-02  1.459889536E-02 -3.786842561E-02 -5.436681210E+01 
        89 -8.428955299E-02  1.481327994E-02 -3.765404103E-02 -8.392692216E+01 
        90 -9.528659039E-02  1.102074901E-02 -3.749914818E-02 -6.510042370E+01 
        91 -8.739510385E-02  1.517648645E-02 -3.729083451E-02 -8.318859423E+01 
        92 -4.594841289E-02  1.518044212E-02 -3.728687885E-02 -4.606698949E+01 
        93 -4.276282738E-02  1.533413332E-02 -3.713318764E-02 -4.510360398E+01 
        94 -7.724889387E-02  1.557401884E-02 -3.689330212E-02 -9.619104078E+01 
        95 -4.694424941E-02  6.922097014E-03 -3.680154970E-02 -4.463513123E+01 
        96 -9.402208775E-02  7.795142609E-03 -3.677733079E-02 -7.472794464E+01 
        97 -4.911795580E-02  3.668116897E-03 -3.674394374E-02 -4.466335600E+01 
        98 -9.402047700E-02  1.583928344E-02 -3.662803752E-02 -1.257235489E+02 
        99 -5.468488552E-02  1.589961127E-02 -3.656770969E-02 -5.915172956E+01 
       100 -4.392012602E-02  1.591308705E-02 -3.655423391E-02 -4.632333017E+01 
       101 -5.843137338E-02  1.603600074E-02 -3.643132022E-02 -7.079853583E+01 
       102 -4.890031291E-02  1.619350160E-02 -3.627381937E-02 -4.683651728E+01 
       103 -8.219150715E-02  1.621982168E-02 -3.624749928E-02 -9.283560534E+01 
       104 -5.462978035E-02 -2.574108312E-03 -3.623110361E-02 -4.554895136E+01 
       105 -5.265098220E-02 -7.016379856E-04 -3.622479688E-02 -4.490271874E+01 
       106 -9.801922326E-02  1.633321475E-02 -3.613410622E-02 -1.151016813E+02 
       107 -4.373623887E-02  1.190819485E-02 -3.610897570E-02 -4.418159675E+01 
       108 -4.737473040E-02  5.489396366E-03 -3.608938929E-02 -4.471152466E+01 
       109 -9.601688975E-02  1.105458254E-02 -3.606859364E-02 -6.259444932E+01 
       110 -5.397912403E-02 -2.358047224E-03 -3.582103445E-02 -4.527221115E+01 
       111 -9.630241572E-02  1.690823289E-02 -3.555908808E-02 -1.433073730E+02 
       112 -8.955111724E-02  1.707165472E-02 -3.539566625E-02 -8.844580093E+01 
       113 -4.265665893E-02  1.374718249E-02 -3.538934107E-02 -4.401685752E+01 
       114 -9.802910479E-02  1.536044017E-02 -3.522604154E-02 -6.412410364E+01 
       115 -9.402208775E-02  6.096627717E-03 -3.507881590E-02 -6.123901627E+01 
       116 -9.706964523E-02  1.235392730E-02 -3.499748690E-02 -6.181876716E+01 
       117 -4.433483453E-02  9.541542835E-03 -3.491253196E-02 -4.443599779E+01 
       118 -6.929372340E-02  1.756607669E-02 -3.490124427E-02 -9.889350356E+01 
       119 -3.855305078E-02  1.303370614E-03 -3.489263023E-02 -4.545139238E+01 
       120 -4.366599670E-02  5.719878311E-04 -3.487508516E-02 -4.546225068E+01 
       121 -6.483368349E-02  1.761054852E-02 -3.485677244E-02 -9.273200440E+01 
       122 -4.254395425E-02 -1.906983980E-03 -3.485345012E-02 -4.595344258E+01 
       123 -4.124323083E-02  2.560173109E-03 -3.484407746E-02 -4.532842329E+01 
       124 -3.828069257E-02 -1.484587222E-03 -3.482539420E-02 -4.595469855E+01 
       125 -2.763854771E-02  1.594196578E-03 -3.477284352E-02 -4.484756677E+01 
       126 -2.146041384E-02  2.194600358E-03 -3.476441935E-02 -4.382068073E+01 
       127 -3.238574032E-02  2.387234716E-03 -3.474952080E-02 -4.512226802E+01 
       128 -1.918517495E-02 -7.421613034E-04 -3.474370106E-02 -4.427723149E+01 
       129 -3.422105190E-02 -2.098981827E-03 -3.474245562E-02 -4.601852889E+01 
       130 -3.738477448E-02 -2.363282996E-03 -3.474182920E-02 -4.642984164E+01 
       131 -2.642535583E-02  2.707796566E-03 -3.471105621E-02 -4.424788732E+01 
       132 -1.144379989E-02 -1.412484826E-03 -3.468516900E-02 -4.390579334E+01 
       133 -5.038721279E-02 -2.063599207E-05 -3.466133113E-02 -4.504893975E+01 
       134 -1.531604629E-02  4.983660992E-04 -3.465769983E-02 -4.364272104E+01 
       135 -4.538345578E-02  1.238116505E-03 -3.464832541E-02 -4.517663995E+01 
       136 -2.308027373E-03 -7.143783200E-04 -3.464700988E-02 -4.395566925E+01 
       137 -3.341472011E-02  3.798629623E-03 -3.464621192E-02 -4.495501822E+01 
       138 -2.735938571E-02 -3.351671140E-03 -3.462920645E-02 -4.570627256E+01 
       139 -4.277925094E-03  2.581422513E-03 -3.462572984E-02 -4.282888251E+01 
       140 -3.634858316E-02  3.815254821E-03 -3.461022719E-02 -4.518387422E+01 
       141 -4.372751541E-02 -4.430772312E-03 -3.459233206E-02 -4.652264419E+01 
       142 -8.041952848E-03  2.855870770E-03 -3.458023448E-02 -4.293782824E+01 
       143 -7.494541727E-19 -7.165722298E-04 -3.457707281E-02 -4.402522987E+01 
       144 -4.154775378E-02  4.942748032E-03 -3.454122648E-02 -4.502397892E+01 
       145 -3.204230857E-02 -4.552014408E-03 -3.451807097E-02 -4.653496192E+01 
       146 -4.955399424E-02  8.323195355E-04 -3.449342850E-02 -4.487335635E+01 
       147 -2.040365904E-02 -4.329859167E-03 -3.442627647E-02 -4.573405575E+01 
       148 -4.558570549E-02 -4.467497933E-03 -3.441773857E-02 -4.631206580E+01 
       149 -4.291057060E-02  5.785126897E-03 -3.441440634E-02 -4.489547890E+01 
       150 -4.561792112E-02  4.469641520E-03 -3.437731293E-02 -4.497210062E+01 
       151 -4.920206153E-02  1.810703932E-02 -3.436028164E-02 -4.731738649E+01 
       152 -3.848151540E-02  6.187423322E-03 -3.435521346E-02 -4.494960075E+01 
       153 -4.211463026E-02  1.402502676E-02 -3.432513164E-02 -4.404190403E+01 
       154 -2.522191482E-02 -5.209225322E-03 -3.430935922E-02 -4.633478568E+01 
       155 -3.855424146E-02 -6.312542085E-03 -3.429218184E-02 -4.741718434E+01 
       156 -4.207236855E-02 -6.518674295E-03 -3.429129401E-02 -4.746440646E+01 
       157 -1.030216055E-02 -4.675805621E-03 -3.429016291E-02 -4.544223691E+01 
       158 -1.453597939E-02  6.019234725E-03 -3.425178599E-02 -4.292653445E+01 
       159 -4.382535856E-02  1.824497561E-02 -3.422234536E-02 -4.651081999E+01 
       160 -4.643557511E-02  4.939490715E-03 -3.421133456E-02 -4.480336825E+01 
       161 -2.003884511E-02  6.651626941E-03 -3.419099030E-02 -4.345664548E+01 
       162 -4.841838652E-03 -5.252635617E-03 -3.418776543E-02 -4.559259478E+01 
       163 -2.331820268E-03  6.506095928E-03 -3.417704481E-02 -4.235188151E+01 
       164 -2.669824666E-02  7.120008508E-03 -3.415716900E-02 -4.411713433E+01 
       165 -7.494541727E-19  6.443939763E-03 -3.414403179E-02 -4.242048970E+01 
       166 -1.030070087E-02  6.695890900E-03 -3.413126466E-02 -4.263925480E+01 
       167 -5.950475200E-02  1.835722358E-02 -3.411009739E-02 -7.493795555E+01 
       168 -5.358701159E-02  1.841380879E-02 -3.405351217E-02 -5.568449029E+01 
       169 -2.751865054E-02  7.831398804E-03 -3.399569716E-02 -4.439324204E+01 
       170 -4.067218940E-02  1.849131481E-02 -3.397600615E-02 -4.520785695E+01 
       171 -7.494909595E-02  1.849566688E-02 -3.397165408E-02 -1.044268398E+02 
       172 -5.012971374E-02  1.850919746E-02 -3.395812351E-02 -4.846730281E+01 
       173 -1.644648293E-02  7.626230994E-03 -3.395741629E-02 -4.316408982E+01 
       174 -3.242022168E-02  7.900234702E-03 -3.394920669E-02 -4.470393573E+01 
       175 -4.732752658E-02  9.696766019E-05 -3.392043255E-02 -4.515562523E+01 
       176 -3.296852973E-02 -7.929706166E-03 -3.389947833E-02 -4.784194103E+01 
       177 -4.310185437E-02  8.527555209E-03 -3.384477277E-02 -4.466105338E+01 
       178 -3.690238460E-02 -8.334325218E-03 -3.382875221E-02 -4.829943544E+01 
       179 -9.508173580E-02  6.965666543E-03 -3.382852329E-02 -6.232053865E+01 
       180 -3.822309132E-02  8.485028225E-03 -3.382141554E-02 -4.474879030E+01 
       181 -3.131622121E-02  8.410072499E-03 -3.380168498E-02 -4.457160989E+01 
       182 -2.248085285E-02  8.720558326E-03 -3.378047771E-02 -4.381518755E+01 
       183 -4.402619828E-02  8.967723833E-03 -3.374217283E-02 -4.453064396E+01 
       184 -4.749162365E-02 -2.479386148E-03 -3.369607457E-02 -4.550469829E+01 
       185 -9.159370466E-03  8.963870441E-03 -3.365907763E-02 -4.262385507E+01 
       186 -7.100061082E-02  1.890030132E-02 -3.356701964E-02 -1.041328384E+02 
       187 -3.928243466E-03  9.379779108E-03 -3.356134633E-02 -4.237167698E+01 
       188 -4.326502328E-02 -9.720696097E-03 -3.354695634E-02 -4.844346915E+01 
       189 -1.745660747E-02 -8.389240015E-03 -3.350823731E-02 -4.722067555E+01 
       190 -3.545332465E-02  9.785982929E-03 -3.348369803E-02 -4.473469511E+01 
       191 -4.042836834E-02  9.844760156E-03 -3.346943353E-02 -4.456003239E+01 
       192 -5.125806356E-02  1.899836253E-02 -3.346895843E-02 -5.072612991E+01 
       193 -1.311698319E-02 -8.534612291E-03 -3.345957275E-02 -4.727282802E+01 
       194 -4.189953059E-02  1.901173053E-02 -3.345559043E-02 -4.628573847E+01 
       195 -4.631163404E-02  1.911141225E-02 -3.335590871E-02 -4.678791474E+01 
       196 -4.853694125E-02  9.032686037E-04 -3.333117890E-02 -4.498401038E+01 
       197 -9.611972862E-02  1.915163246E-02 -3.331568850E-02 -1.232661055E+02 
       198 -5.067742507E-02 -1.614641667E-03 -3.329446933E-02 -4.533079105E+01 
       199 -6.278788330E-02  1.917836400E-02 -3.328895697E-02 -8.618343315E+01 
       200 -2.542965660E-03 -9.131877912E-03 -3.328074115E-02 -4.741365957E+01 
       201 -2.667237795E-02 -9.974556388E-03 -3.324937021E-02 -4.826293111E+01 
       202 -7.494541727E-19 -9.104543514E-03 -3.317822745E-02 -4.742450855E+01 
       203 -3.099359386E-02 -1.035046089E-02 -3.317729977E-02 -4.890906861E+01 
       204 -4.747082938E-02 -7.454683404E-03 -3.315543073E-02 -4.737104650E+01 
       205 -8.921604649E-02  1.935488489E-02 -3.311243608E-02 -9.379318010E+01 
       206 -4.616768028E-02 -9.593878633E-03 -3.310937646E-02 -4.848085798E+01 
       207 -4.881424795E-02 -3.219685239E-03 -3.301856016E-02 -4.563824659E+01 
       208 -1.615130849E-02  1.131143663E-02 -3.294929433E-02 -4.343451362E+01 
       209 -3.817701241E-02 -1.150963837E-02 -3.293288501E-02 -4.957442405E+01 
       210 -4.191895983E-02 -1.164192159E-02 -3.291589478E-02 -4.961549467E+01 
       211 -3.117596422E-03  1.167173932E-02 -3.286844649E-02 -4.264392951E+01 
       212 -2.232324327E-02  1.175337121E-02 -3.284673243E-02 -4.403725481E+01 
       213 -4.055514618E-02  1.766658968E-02 -3.280179714E-02 -4.415924807E+01 
       214 -1.042354880E-02  1.192627283E-02 -3.275677903E-02 -4.307608432E+01 
       215 -4.849603134E-02 -7.282528347E-03 -3.275644348E-02 -4.701386070E+01 
       216 -2.703790690E-02  1.227650617E-02 -3.267512278E-02 -4.445883424E+01 
       217 -7.494541727E-19  1.224142378E-02 -3.261820574E-02 -4.262647477E+01 
       218 -5.462978035E-02 -6.215000179E-03 -3.259021174E-02 -4.644990449E+01 
       219 -5.653782465E-02  1.988552399E-02 -3.258179697E-02 -6.483986708E+01 
       220 -4.058576590E-02  1.255039318E-02 -3.257545881E-02 -4.442221566E+01 
       221 -1.551817680E-03  1.244134148E-02 -3.252359509E-02 -4.279566166E+01 
       222 -3.557939153E-02  1.268707182E-02 -3.252062110E-02 -4.462738762E+01 
       223 -4.943176731E-02 -1.140556941E-03 -3.247712340E-02 -4.526788528E+01 
       224 -4.188120653E-02  1.294223085E-02 -3.243027254E-02 -4.425781002E+01 
       225 -1.398978079E-02  1.271424346E-02 -3.241383290E-02 -4.347508910E+01 
       226 -3.031146319E-02  1.305204780E-02 -3.240266213E-02 -4.463377989E+01 
       227 -2.471003094E-02 -1.234378399E-02 -3.239739543E-02 -4.964686576E+01 
       228 -2.012694439E-02 -1.237611634E-02 -3.236976677E-02 -4.925036555E+01 
       229 -8.302897607E-02  2.011907282E-02 -3.234824815E-02 -1.006604336E+02 
       230 -1.958855304E-02  1.310800296E-02 -3.230967225E-02 -4.394217941E+01 
       231 -2.504512847E-02  1.330821391E-02 -3.227144156E-02 -4.441106012E+01 
       232 -3.066504715E-02  1.351182409E-02 -3.219933725E-02 -4.468324748E+01 
       233 -4.855065048E-02  2.033039837E-02 -3.213692260E-02 -4.887040386E+01 
       234 -4.635187491E-02  2.033039837E-02 -3.213692260E-02 -4.702757550E+01 
       235 -4.186052146E-02  2.033039837E-02 -3.213692260E-02 -4.598284784E+01 
       236 -3.972644359E-02  2.033039837E-02 -3.213692260E-02 -4.488761173E+01 
       237 -3.849239128E-02  1.379113484E-02 -3.206477296E-02 -4.446233747E+01 
       238 -8.917679992E-03  1.387968957E-02 -3.203767216E-02 -4.327319304E+01 
       239 -3.398859912E-02  1.391332077E-02 -3.201262137E-02 -4.465191267E+01 
       240 -5.231706850E-02 -4.559808628E-03 -3.200536002E-02 -4.584337836E+01 
       241 -3.258169751E-02 -1.377227977E-02 -3.197847690E-02 -5.071388168E+01 
       242 -3.649935198E-02 -1.396626121E-02 -3.195714693E-02 -5.085516111E+01 
       243 -5.612066533E-03  1.417933272E-02 -3.190269597E-02 -4.310551221E+01 
       244 -9.225641780E-02  2.059518410E-02 -3.187213686E-02 -9.389603047E+01 
       245 -5.094801748E-02 -3.388408341E-03 -3.185324208E-02 -4.568580126E+01 
       246 -4.319202418E-02 -1.438532082E-02 -3.184077421E-02 -5.077131921E+01 
       247 -1.037921425E-02 -1.341428573E-02 -3.177396095E-02 -4.939760814E+01 
       248 -4.753749373E-02 -1.187814310E-02 -3.171504905E-02 -4.963137081E+01 
       249 -4.936250892E-02 -3.555602385E-03 -3.169716383E-02 -4.580025272E+01 
       250 -3.965232993E-02  2.028305302E-02 -3.167923389E-02 -4.441554765E+01 
       251 -5.275719498E-02 -5.355980537E-03 -3.163499068E-02 -4.622447098E+01 
       252 -5.505775898E-03 -1.373677554E-02 -3.162310944E-02 -4.942986086E+01 
       253 -8.525122874E-02  2.089092849E-02 -3.157639248E-02 -1.008496649E+02 
       254 -1.003334276E-01  2.092871723E-02 -3.153860373E-02 -1.087520230E+02 
       255 -4.914408030E-02 -6.749692074E-03 -3.143023519E-02 -4.649091440E+01 
       256 -4.019974980E-02  1.774164411E-02 -3.142163236E-02 -4.428327853E+01 
       257 -4.621018375E-02 -1.418026807E-02 -3.138704330E-02 -5.077920310E+01 
       258 -9.932156657E-02  2.109188334E-02 -3.137543763E-02 -1.285265158E+02 
       259 -4.872675610E-02 -1.170845654E-02 -3.118885296E-02 -4.911363797E+01 
       260 -6.316660140E-02  2.138433955E-02 -3.108298142E-02 -8.628957228E+01 
       261 -4.975988214E-02 -2.939206180E-03 -3.107074278E-02 -4.572889731E+01 
       262 -7.847910782E-02  2.139788942E-02 -3.106943154E-02 -1.074465716E+02 
       263 -9.402208775E-02  2.085172416E-03 -3.106736060E-02 -5.872216943E+01 
       264 -4.014468841E-02  1.762277915E-02 -3.097628416E-02 -4.434393479E+01 
       265 -9.614638425E-02  6.218670678E-03 -3.094137864E-02 -5.799709524E+01 
       266 -2.511731276E-02  1.626597805E-02 -3.088414702E-02 -4.448703862E+01 
       267 -1.950919799E-02  1.626321737E-02 -3.087378601E-02 -4.415510593E+01 
       268 -4.190965537E-02 -1.644224846E-02 -3.081656077E-02 -5.220967196E+01 
       269 -1.431510087E-02  1.638230591E-02 -3.080977474E-02 -4.377974864E+01 
       270 -9.982583544E-02  1.714514452E-02 -3.078951138E-02 -6.889997379E+01 
       271 -5.655706197E-02  2.168854924E-02 -3.077877172E-02 -6.338747861E+01 
       272 -5.098330658E-02  2.169864822E-02 -3.076867274E-02 -5.260736896E+01 
       273 -3.800008524E-02 -1.654759393E-02 -3.076352913E-02 -5.237674670E+01 
       274 -2.954116284E-02  1.666815997E-02 -3.067350921E-02 -4.461904061E+01 
       275 -3.874046905E-02  1.672137801E-02 -3.066189205E-02 -4.443445513E+01 
       276 -9.788067915E-03  1.680520364E-02 -3.061126650E-02 -4.350178495E+01 
       277 -7.494541727E-19  1.676203065E-02 -3.061083521E-02 -4.304507357E+01 
       278 -4.837182219E-03  1.683513860E-02 -3.059442093E-02 -4.324637982E+01 
       279 -3.449387457E-02  1.688319369E-02 -3.057773197E-02 -4.458736334E+01 
       280 -4.940697921E-02  2.190900228E-02 -3.055831868E-02 -5.205951871E+01 
       281 -4.017967528E-02  1.699524501E-02 -3.050411423E-02 -4.435181882E+01 
       282 -1.314412349E-03  1.697509498E-02 -3.049843149E-02 -4.308858800E+01 
       283 -1.003711827E-01  1.981827822E-02 -3.046279630E-02 -7.427219348E+01 
       284 -4.954128270E-02 -7.407246313E-03 -3.040267089E-02 -4.693435801E+01 
       285 -3.944333643E-02  2.014954360E-02 -3.038859493E-02 -4.441474248E+01 
       286 -3.694554318E-02  2.014954360E-02 -3.038859493E-02 -4.451573189E+01 
       287 -3.201404487E-02  2.014954360E-02 -3.038859493E-02 -4.456500460E+01 
       288 -2.708083358E-02  2.014954360E-02 -3.038859493E-02 -4.447357493E+01 
       289 -2.216302835E-02  2.014954360E-02 -3.038859493E-02 -4.424914605E+01 
       290 -1.725099755E-02  2.014954360E-02 -3.038859493E-02 -4.393441211E+01 
       291 -1.227249420E-02  2.014954360E-02 -3.038859493E-02 -4.360345446E+01 
       292 -7.341628983E-03  2.014954360E-02 -3.038859493E-02 -4.332863444E+01 
       293 -2.499484162E-03  2.014954360E-02 -3.038859493E-02 -4.312099260E+01 
       294 -7.494541727E-19  2.014954360E-02 -3.038859493E-02 -4.303311749E+01 
       295 -2.680233592E-02 -1.680018274E-02 -3.030209419E-02 -5.193132048E+01 
       296 -2.710924630E-02  1.739519739E-02 -3.026253572E-02 -4.454696590E+01 
       297 -1.724830157E-02  1.742135760E-02 -3.023485363E-02 -4.396479771E+01 
       298 -6.968210052E-02  2.225415541E-02 -3.021316555E-02 -1.044332963E+02 
       299 -2.217807408E-02  1.751327801E-02 -3.020256826E-02 -4.432070854E+01 
       300 -3.025312906E-02 -1.711833761E-02 -3.020208290E-02 -5.232651643E+01 
       301 -1.231962941E-02  1.762624973E-02 -3.014023812E-02 -4.362605681E+01 
       302 -9.840110254E-02  1.117594308E-02 -3.013935167E-02 -6.007256767E+01 
       303 -4.920397255E-02 -1.123742642E-02 -3.012066382E-02 -4.810541887E+01 
       304 -2.463880304E-03  1.766857564E-02 -3.011775799E-02 -4.314356323E+01 
       305 -3.697599203E-02  1.783630858E-02 -3.003954704E-02 -4.450267028E+01 
       306 -7.494541727E-19  1.967538858E-02 -2.991443991E-02 -4.302297964E+01 
       307 -3.697599203E-02  1.962172677E-02 -2.986077809E-02 -4.448127857E+01 
       308 -3.204192881E-02  1.962172677E-02 -2.986077809E-02 -4.454248015E+01 
       309 -2.710924630E-02  1.962172677E-02 -2.986077809E-02 -4.446035490E+01 
       310 -2.217807408E-02  1.962172677E-02 -2.986077809E-02 -4.423763864E+01 
       311 -1.724830157E-02  1.962172677E-02 -2.986077809E-02 -4.392351967E+01 
       312 -1.231962941E-02  1.962172677E-02 -2.986077809E-02 -4.359954590E+01 
       313 -7.391640913E-03  1.962172677E-02 -2.986077809E-02 -4.331409076E+01 
       314 -3.944333643E-02  1.960798543E-02 -2.984703676E-02 -4.441230437E+01 
       315 -1.776299518E-02 -1.723709902E-02 -2.983210342E-02 -5.145328255E+01 
       316 -3.204192881E-02  1.826331814E-02 -2.980207741E-02 -4.459482552E+01 
       317 -4.755023668E-02 -1.620290400E-02 -2.971724799E-02 -5.200267378E+01 
       318 -5.325857680E-02  2.280976837E-02 -2.965755259E-02 -5.590484199E+01 
       319 -9.527653497E-02  3.167340580E-03 -2.962943161E-02 -5.764690002E+01 
       320 -5.900247138E-02  2.292838932E-02 -2.953893165E-02 -7.330627821E+01 
       321 -6.602562773E-02  2.297022647E-02 -2.949709449E-02 -9.524275003E+01 
       322 -4.330265588E-02 -1.875640432E-02 -2.948137139E-02 -5.358445081E+01 
       323 -1.428944602E-02 -1.797305177E-02 -2.945507558E-02 -5.164411278E+01 
       324 -2.750321619E-03 -1.790352591E-02 -2.940975870E-02 -5.032782970E+01 
       325 -3.681613289E-02 -1.889744718E-02 -2.934041016E-02 -5.411400598E+01 
       326 -3.944333643E-02  1.909390993E-02 -2.933296126E-02 -4.443111991E+01 
       327 -3.688678683E-02  1.909390993E-02 -2.933296126E-02 -4.448517177E+01 
       328 -3.197996548E-02  1.909390993E-02 -2.933296126E-02 -4.454823539E+01 
       329 -2.706791747E-02  1.909390993E-02 -2.933296126E-02 -4.447834827E+01 
       330 -2.216535123E-02  1.909390993E-02 -2.933296126E-02 -4.425963462E+01 
       331 -1.724369977E-02  1.909390993E-02 -2.933296126E-02 -4.394606205E+01 
       332 -1.233380194E-02  1.909390993E-02 -2.933296126E-02 -4.361603127E+01 
       333 -7.405478534E-03  1.909390993E-02 -2.933296126E-02 -4.333980637E+01 
       334 -2.467981507E-03  1.909390993E-02 -2.933296126E-02 -4.312530125E+01 
       335 -7.494541727E-19  1.909390993E-02 -2.933296126E-02 -4.304495273E+01 
       336 -7.765428491E-02  2.315530500E-02 -2.931201596E-02 -1.125626817E+02 
       337 -7.494541727E-19 -1.783728701E-02 -2.929552145E-02 -4.981597327E+01 
       338 -4.876487635E-02 -1.594865857E-02 -2.920571864E-02 -5.135275532E+01 
       339 -9.793703014E-02  8.741527993E-03 -2.913468064E-02 -5.549961754E+01 
       340 -4.622552201E-02 -1.848343914E-02 -2.905235810E-02 -5.337592216E+01 
       341 -5.462978035E-02 -9.814941572E-03 -2.899027035E-02 -4.773058126E+01 
       342 -9.288551604E-02  2.348178583E-02 -2.898553513E-02 -9.768190686E+01 
       343 -3.205104698E-02 -1.943404509E-02 -2.890189447E-02 -5.430043928E+01 
       344 -5.198049014E-02 -7.464442010E-03 -2.877402437E-02 -4.684231727E+01 
       345 -9.966121316E-02  1.424680268E-02 -2.869815463E-02 -6.587990157E+01 
       346 -4.962976160E-02 -1.195391554E-02 -2.869514976E-02 -4.870521667E+01 
       347 -9.745117922E-02  2.393542046E-02 -2.853190050E-02 -1.140695595E+02 
       348 -7.241508056E-02  2.413165693E-02 -2.833566403E-02 -1.095149589E+02 
       349 -4.917830890E-02 -1.542542137E-02 -2.831675147E-02 -5.018198043E+01 
       350 -2.290159345E-02 -2.019853532E-02 -2.823641383E-02 -5.314231061E+01 
       351 -8.616905835E-02  2.423991831E-02 -2.822740265E-02 -1.085575929E+02 
       352 -4.209382504E-02 -2.073959767E-02 -2.811351649E-02 -5.545026484E+01 
       353 -5.278672826E-02 -8.945929573E-03 -2.807365474E-02 -4.740123216E+01 
       354 -5.009999871E-02 -6.530551344E-03 -2.788601461E-02 -4.694227981E+01 
       355 -3.857443328E-02 -2.103633120E-02 -2.785640769E-02 -5.575046466E+01 
       356 -5.895960125E-02  2.504114960E-02 -2.742617136E-02 -6.828232992E+01 
       357 -5.317395686E-02  2.505889558E-02 -2.740842539E-02 -5.673308653E+01 
       358 -9.068966041E-02  2.507527727E-02 -2.739204369E-02 -1.052306020E+02 
       359 -4.755648703E-02 -2.022138711E-02 -2.714789697E-02 -5.498060667E+01 
       360 -6.507167639E-02  2.532448582E-02 -2.714283515E-02 -8.958907862E+01 
       361 -5.146617502E-02  2.545065317E-02 -2.701666780E-02 -5.554228804E+01 
       362 -3.145859226E-02 -2.212114958E-02 -2.684042180E-02 -5.657244899E+01 
       363 -4.877306177E-02 -1.989720547E-02 -2.668055201E-02 -5.416666201E+01 
       364 -1.202825186E-02 -2.184943549E-02 -2.667758051E-02 -5.256903170E+01 
       365 -3.785772409E-02 -2.270927491E-02 -2.652586011E-02 -5.774368524E+01 
       366 -4.366713413E-02 -2.274315744E-02 -2.651630357E-02 -5.719576304E+01 
       367 -5.845969577E-03 -2.204287926E-02 -2.645613206E-02 -5.107239453E+01 
       368 -6.065393424E-02  2.605697265E-02 -2.641034831E-02 -7.631448108E+01 
       369 -9.402208775E-02 -2.575310654E-03 -2.640687753E-02 -5.921501238E+01 
       370 -4.967942539E-02 -1.620229148E-02 -2.639819862E-02 -5.093148172E+01 
       371 -5.009999871E-02 -1.096782575E-02 -2.639112747E-02 -4.789746479E+01 
       372 -2.342917366E-02 -2.256377023E-02 -2.633220724E-02 -5.561322640E+01 
       373 -5.535127055E-02  2.616052649E-02 -2.630679447E-02 -5.910792231E+01 
       374 -4.621586495E-02 -2.242184448E-02 -2.614321792E-02 -5.694956577E+01 
       375 -9.917512841E-02  2.632454369E-02 -2.614277728E-02 -1.189348251E+02 
       376 -1.011596374E-01  2.634357383E-02 -2.612374714E-02 -1.091698805E+02 
       377 -9.632689974E-02  1.762607012E-03 -2.605785697E-02 -5.408217374E+01 
       378 -8.039303320E-02  2.643197741E-02 -2.603534356E-02 -1.149672505E+02 
       379 -4.915384372E-02 -1.932227480E-02 -2.592355698E-02 -5.283716069E+01 
       380 -8.285895643E-02  2.671602820E-02 -2.575129276E-02 -1.144963485E+02 
       381 -7.202405299E-02  2.677624011E-02 -2.569108085E-02 -1.081748513E+02 
       382 -1.011024652E-01  2.105321065E-02 -2.565164096E-02 -8.692566199E+01 
       383 -3.444916016E-02 -2.368505002E-02 -2.556925642E-02 -5.826677045E+01 
       384 -5.462978035E-02 -1.345857414E-02 -2.534663778E-02 -4.944171581E+01 
       385 -5.009999871E-02 -1.107720794E-02 -2.534237345E-02 -4.841617252E+01 
       386 -2.790209779E-02 -2.374815636E-02 -2.528410219E-02 -5.726962990E+01 
       387 -5.195270468E-02 -1.097319056E-02 -2.523835608E-02 -4.819584647E+01 
       388 -6.670619187E-02  2.750217176E-02 -2.496514920E-02 -9.164689758E+01 
       389 -9.533862638E-02 -1.344737004E-03 -2.493821674E-02 -5.666570936E+01 
       390 -1.012331580E-01  2.506207445E-02 -2.484786353E-02 -9.610874644E+01 
       391 -9.903885154E-02  7.840357363E-03 -2.481378294E-02 -5.584303411E+01 
       392 -4.228210818E-02 -2.461088507E-02 -2.478782149E-02 -5.947279076E+01 
       393 -3.988455524E-02 -2.469894163E-02 -2.468757189E-02 -5.961010887E+01 
       394 -9.177539204E-02  2.790898602E-02 -2.455833495E-02 -1.078042340E+02 
       395 -1.005089732E-01  1.439789037E-02 -2.455216928E-02 -7.411248654E+01 
       396 -5.281848333E-02 -1.259152351E-02 -2.445882647E-02 -4.901834066E+01 
       397 -5.009999871E-02 -1.006567849E-02 -2.435088746E-02 -4.821498433E+01 
       398 -6.922172917E-02  2.813137745E-02 -2.433594352E-02 -9.984891858E+01 
       399 -5.531313869E-02  2.839284945E-02 -2.407447152E-02 -5.944695078E+01 
       400 -4.756129162E-02 -2.385339445E-02 -2.402983467E-02 -5.911905442E+01 
       401 -6.053558987E-02  2.846118523E-02 -2.400613573E-02 -7.072693704E+01 
       402 -9.683693156E-02  2.852133373E-02 -2.394598723E-02 -1.113945922E+02 
       403 -5.009999871E-02 -1.462256561E-02 -2.379969036E-02 -4.973155944E+01 
       404 -7.662552080E-02  2.875044921E-02 -2.371687175E-02 -1.134715231E+02 
       405 -4.876931627E-02 -2.346640131E-02 -2.363234017E-02 -5.811301232E+01 
       406 -5.376714570E-02  2.887207243E-02 -2.359524854E-02 -5.844140065E+01 
       407 -9.850428537E-02  4.887537093E-03 -2.355243166E-02 -5.328435983E+01 
       408 -4.969409824E-02 -2.009802325E-02 -2.353658207E-02 -5.402746505E+01 
       409 -1.500455722E-02 -2.530197187E-02 -2.336085362E-02 -5.518464048E+01 
       410 -8.461463303E-02  2.914054932E-02 -2.332677164E-02 -1.169122884E+02 
       411 -1.010725932E-01  1.809615112E-02 -2.322512690E-02 -9.137109461E+01 
       412 -1.963413257E-02 -2.547489379E-02 -2.320910414E-02 -5.726293556E+01 
       413 -3.478193371E-02 -2.611512233E-02 -2.314709228E-02 -6.035796193E+01 
       414 -8.996440555E-02  2.943851134E-02 -2.302880963E-02 -1.140249221E+02 
       415 -4.385429605E-02 -2.627420856E-02 -2.301855899E-02 -6.179649673E+01 
       416 -4.914636300E-02 -2.280244210E-02 -2.296304807E-02 -5.655387089E+01 
       417 -5.773306931E-02  2.951881770E-02 -2.294850326E-02 -6.242366588E+01 
       418 -2.972310155E-03 -2.571916772E-02 -2.285237501E-02 -5.234449686E+01 
       419 -6.328647751E-02  2.963245124E-02 -2.283486973E-02 -7.987075522E+01 
       420 -1.003285289E-01  1.141426861E-02 -2.282563488E-02 -6.881512574E+01 
       421 -7.494541727E-19 -2.561508131E-02 -2.275687292E-02 -5.256653464E+01 
       422 -3.833850662E-02 -2.651842485E-02 -2.274732807E-02 -6.118312039E+01 
       423 -4.621235184E-02 -2.591122425E-02 -2.269921403E-02 -6.165204996E+01 
       424 -5.009999871E-02 -1.507790995E-02 -2.222701447E-02 -5.060390688E+01 
       425 -7.652557110E-02  3.025699249E-02 -2.221032847E-02 -1.107632222E+02 
       426 -2.914615938E-02 -2.698246055E-02 -2.201730529E-02 -5.969953281E+01 
       427 -5.462978035E-02 -1.711712505E-02 -2.168808687E-02 -5.212189053E+01 
       428 -5.192792028E-02 -1.451921497E-02 -2.166831949E-02 -5.025190327E+01 
       429 -3.299511560E-02 -2.733998478E-02 -2.159307517E-02 -6.099232789E+01 
       430 -6.967181997E-02  3.091619862E-02 -2.155112234E-02 -9.693731849E+01 
       431 -6.359570867E-02  3.130990623E-02 -2.115741474E-02 -7.624802264E+01 
       432 -3.940655682E-02 -2.787053028E-02 -2.106285539E-02 -6.291204597E+01 
       433 -5.009999871E-02 -1.795214780E-02 -2.101779070E-02 -5.250093229E+01 
       434 -4.231035933E-02 -2.792805895E-02 -2.098883756E-02 -6.362673636E+01 
       435 -9.402208775E-02 -8.021880250E-03 -2.096030793E-02 -6.287466332E+01 
       436 -5.775969992E-02  3.161299891E-02 -2.085432205E-02 -6.328567999E+01 
       437 -9.795203422E-02  3.161441793E-02 -2.085290303E-02 -1.148271642E+02 
       438 -5.282722274E-02 -1.624759106E-02 -2.081122604E-02 -5.164048906E+01 
       439 -5.009999871E-02 -1.363227125E-02 -2.078429470E-02 -5.030864249E+01 
       440 -9.651222721E-02 -3.061110355E-03 -2.074592989E-02 -5.428535944E+01 
       441 -7.817665155E-02  3.175778639E-02 -2.070953457E-02 -1.126417127E+02 
       442 -7.186330311E-02  3.181472576E-02 -2.065259521E-02 -1.028336396E+02 
       443 -1.000418252E-01  3.201456196E-02 -2.045275900E-02 -1.109087461E+02 
       444 -4.756060162E-02 -2.701004062E-02 -2.042603683E-02 -6.448412297E+01 
       445 -8.316286510E-02  3.204212945E-02 -2.042519151E-02 -1.179365609E+02 
       446 -5.630179248E-02  3.217582085E-02 -2.029150011E-02 -6.239027419E+01 
       447 -4.968755659E-02 -2.353423854E-02 -2.013638475E-02 -5.842025505E+01 
       448 -4.876532526E-02 -2.656239766E-02 -2.009647927E-02 -6.340208503E+01 
       449 -1.009394099E-01  2.611403860E-02 -2.006854234E-02 -1.084393725E+02 
       450 -9.079762968E-02  3.241218377E-02 -2.005513719E-02 -1.132528325E+02 
       451 -6.633660665E-02  3.242162093E-02 -2.004570003E-02 -8.554094835E+01 
       452 -8.161857348E-02  3.256025614E-02 -1.990706483E-02 -1.158594358E+02 
       453 -6.045910384E-02  3.279515055E-02 -1.967217041E-02 -6.701796410E+01 
       454 -9.523308013E-02 -6.820964768E-03 -1.961773951E-02 -5.852149514E+01 
       455 -4.915892503E-02 -2.578284222E-02 -1.949858854E-02 -6.164675797E+01 
       456 -2.668303041E-02 -2.880966060E-02 -1.940195130E-02 -6.133819026E+01 
       457 -2.252957116E-02 -2.876515705E-02 -1.936020538E-02 -6.072064243E+01 
       458 -9.939689022E-02  3.689505969E-03 -1.927608438E-02 -5.771277547E+01 
       459 -4.374606182E-02 -2.927940501E-02 -1.906292359E-02 -6.591366240E+01 
       460 -3.442417562E-02 -2.926199771E-02 -1.903400770E-02 -6.239469876E+01 
       461 -1.001229850E-01  3.058768580E-02 -1.899384108E-02 -1.090990990E+02 
       462 -3.789592662E-02 -2.931100711E-02 -1.899043722E-02 -6.343617080E+01 
       463 -9.497425753E-02  3.351969711E-02 -1.894762385E-02 -1.130527011E+02 
       464 -1.166596222E-02 -2.874634528E-02 -1.890616986E-02 -6.223213871E+01 
       465 -5.009999871E-02 -1.880124516E-02 -1.880242110E-02 -5.413143154E+01 
       466 -4.621062209E-02 -2.886931075E-02 -1.879592105E-02 -6.695657936E+01 
       467 -6.087838810E-03 -2.882277268E-02 -1.879456450E-02 -5.975861184E+01 
       468 -1.012745200E-01  1.874745172E-02 -1.867013066E-02 -1.089255580E+02 
       469 -8.759853810E-02  3.414230717E-02 -1.832501380E-02 -1.159176031E+02 
       470 -5.191606901E-02 -1.808743825E-02 -1.808861419E-02 -5.372463538E+01 
       471 -5.462978035E-02 -2.075601528E-02 -1.804919664E-02 -5.649925092E+01 
       472 -6.646743652E-02  3.447474849E-02 -1.799257247E-02 -8.141679464E+01 
       473 -9.866307536E-02 -6.636981734E-05 -1.798562399E-02 -5.377311105E+01 
       474 -5.009999871E-02 -2.100289054E-02 -1.796901287E-02 -5.680944837E+01 
       475 -6.057610925E-02  3.468057006E-02 -1.778675090E-02 -6.822868371E+01 
       476 -1.009603127E-01  1.108813455E-02 -1.778291445E-02 -8.966307223E+01 
       477 -7.249804242E-02  3.478179206E-02 -1.768552890E-02 -1.000961828E+02 
       478 -1.009768422E-01  2.308811790E-02 -1.729872886E-02 -1.183621019E+02 
       479 -5.009999871E-02 -1.720765568E-02 -1.720891027E-02 -5.388711323E+01 
       480 -7.519132404E-02  3.528004409E-02 -1.718727687E-02 -1.061037202E+02 
       481 -5.283061723E-02 -1.988469560E-02 -1.717741023E-02 -5.603191298E+01 
       482 -5.906864193E-02  3.537401781E-02 -1.709330315E-02 -6.740834585E+01 
       483 -8.095854527E-02  3.557816319E-02 -1.688915777E-02 -1.135018231E+02 
       484 -3.934595108E-02 -3.060420920E-02 -1.685063600E-02 -6.511527699E+01 
       485 -4.225051756E-02 -3.060522982E-02 -1.684794231E-02 -6.683726883E+01 
       486 -6.343262307E-02  3.593421274E-02 -1.653310822E-02 -7.247667164E+01 
       487 -3.284116059E-02 -3.068554791E-02 -1.651074096E-02 -6.349101928E+01 
       488 -6.998889217E-02  3.602790294E-02 -1.643941802E-02 -9.022756321E+01 
       489 -4.755914874E-02 -2.961857319E-02 -1.639900221E-02 -6.971346633E+01 
       490 -7.615986464E-02  3.611979832E-02 -1.634752264E-02 -1.073211125E+02 
       491 -8.752552970E-02  3.615006737E-02 -1.626854486E-02 -1.135980480E+02 
       492 -4.965956501E-02 -2.643588077E-02 -1.626112948E-02 -6.424852775E+01 
       493 -4.876266782E-02 -2.911935136E-02 -1.614505106E-02 -6.917892180E+01 
       494 -1.007129014E-01  7.616916492E-03 -1.614175542E-02 -8.085672339E+01 
       495 -2.923036055E-02 -3.088411738E-02 -1.612032837E-02 -6.370683710E+01 
       496 -9.517098353E-02  3.640803576E-02 -1.594700172E-02 -1.111311882E+02 
       497 -1.013035960E-01  1.517856936E-02 -1.588089322E-02 -1.121177727E+02 
       498 -8.205134060E-02  3.668946506E-02 -1.574938935E-02 -1.143024986E+02 
       499 -4.919067068E-02 -2.819404758E-02 -1.561714652E-02 -6.762860666E+01 
       500 -9.698937577E-02  3.711487267E-02 -1.518146751E-02 -1.091382320E+02 
       501 -8.527009793E-02  3.723236764E-02 -1.514855095E-02 -1.145555016E+02 
       502 -5.009999871E-02 -2.223193768E-02 -1.508527512E-02 -5.949855966E+01 
       503 -9.402208775E-02 -1.401910469E-02 -1.496308349E-02 -6.867233577E+01 
       504 -6.978215631E-02  3.745623756E-02 -1.495890853E-02 -8.603509993E+01 
       505 -9.662767459E-02 -8.545700404E-03 -1.493123348E-02 -5.722271045E+01 
       506 -4.374146553E-02 -3.168781763E-02 -1.471857621E-02 -6.942608094E+01 
       507 -6.351120198E-02  3.769044969E-02 -1.470291568E-02 -7.366851668E+01 
       508 -3.803199539E-02 -3.171763718E-02 -1.464883136E-02 -6.616826457E+01 
       509 -5.009999871E-02 -2.379661837E-02 -1.463659182E-02 -6.280342818E+01 
       510 -9.889046364E-02  3.142663935E-02 -1.462852527E-02 -1.135532618E+02 
       511 -1.976284545E-02 -3.120874377E-02 -1.458372692E-02 -7.239635669E+01 
       512 -5.191064634E-02 -2.165873064E-02 -1.451206808E-02 -5.923769789E+01 
       513 -4.621356223E-02 -3.123758592E-02 -1.450942413E-02 -7.156163313E+01 
       514 -9.169026531E-02  3.783790731E-02 -1.445053537E-02 -1.091426365E+02 
       515 -5.462978035E-02 -2.436122555E-02 -1.444398637E-02 -6.277772488E+01 
       516 -3.480790780E-02 -3.181477579E-02 -1.438314660E-02 -6.562124799E+01 
       517 -3.136641801E-03 -3.136758300E-02 -1.414826369E-02 -7.853007210E+01 
       518 -7.494541727E-19 -3.123605383E-02 -1.408874621E-02 -7.981198767E+01 
       519 -1.536339506E-02 -3.145016436E-02 -1.405629498E-02 -7.677311989E+01 
       520 -6.209783723E-02  3.841556974E-02 -1.391535962E-02 -7.305838276E+01 
       521 -9.521223164E-02 -1.277107207E-02 -1.368333749E-02 -6.363813634E+01 
       522 -5.009999871E-02 -2.078285657E-02 -1.363370938E-02 -5.951922693E+01 
       523 -9.709161579E-02  3.553047722E-02 -1.359268405E-02 -1.107005836E+02 
       524 -5.282053160E-02 -2.348088847E-02 -1.357144596E-02 -6.248106740E+01 
       525 -6.605287826E-02  3.873735237E-02 -1.353472895E-02 -7.745022466E+01 
       526 -7.611497440E-02  3.874326037E-02 -1.352806886E-02 -1.050434630E+02 
       527 -9.953560357E-02 -1.404310662E-03 -1.340450888E-02 -6.145045661E+01 
       528 -2.797481517E-02 -3.219306374E-02 -1.327108302E-02 -6.909670029E+01 
       529 -7.966166951E-02  3.927780328E-02 -1.295276940E-02 -1.101451725E+02 
       530 -1.002555669E-01  2.384752341E-02 -1.285427248E-02 -1.265838896E+02 
       531 -7.209067660E-02  3.940248424E-02 -1.266848464E-02 -8.985950886E+01 
       532 -7.447778304E-02  3.963743449E-02 -1.243714942E-02 -9.782166131E+01 
       533 -3.959898526E-02 -3.267842005E-02 -1.233774042E-02 -6.931812596E+01 
       534 -9.864558819E-02 -5.731735788E-03 -1.222264481E-02 -5.810610693E+01 
       535 -4.216829488E-02 -3.275744142E-02 -1.214349427E-02 -7.084077283E+01 
       536 -8.519233844E-02  3.994032472E-02 -1.209045296E-02 -1.135917664E+02 
       537 -4.755415153E-02 -3.163727183E-02 -1.206058016E-02 -7.416068281E+01 
       538 -4.961383706E-02 -2.874689595E-02 -1.199314701E-02 -7.044220233E+01 
       539 -1.010568997E-01  6.627939748E-03 -1.193341348E-02 -1.013791880E+02 
       540 -4.874442334E-02 -3.111539941E-02 -1.187544801E-02 -7.426899151E+01 
       541 -2.321897916E-02 -3.268111157E-02 -1.172790321E-02 -7.825782638E+01 
       542 -9.894819995E-02  2.827174275E-02 -1.166909076E-02 -1.231462387E+02 
       543 -1.011018279E-01  1.580889838E-02 -1.157942180E-02 -1.310553440E+02 
       544 -9.118253807E-02  4.032830634E-02 -1.145379198E-02 -1.080424657E+02 
       545 -4.923344755E-02 -3.000507841E-02 -1.141066609E-02 -7.348910996E+01 
       546 -8.110880173E-02  4.066466923E-02 -1.125719573E-02 -1.113393794E+02 
       547 -5.009999871E-02 -2.535912450E-02 -1.109611681E-02 -6.661590442E+01 
       548 -6.623526556E-02  4.071920770E-02 -1.108949840E-02 -7.911287440E+01 
       549 -5.009999871E-02 -2.639832235E-02 -1.098526581E-02 -6.967905000E+01 
       550 -5.191556516E-02 -2.521928599E-02 -1.095627830E-02 -6.652304807E+01 
       551 -5.462978035E-02 -2.790566761E-02 -1.089954431E-02 -6.981507165E+01 
       552 -1.006294341E-01  1.548781628E-03 -1.062240972E-02 -8.669324411E+01 
       553 -9.248037389E-02  4.100197833E-02 -1.053692799E-02 -1.078555429E+02 
       554 -6.543136922E-02  4.114328034E-02 -1.053653995E-02 -7.910165098E+01 
       555 -8.737678876E-02  4.107208471E-02 -1.051458521E-02 -1.100621075E+02 
       556 -3.368940994E-02 -3.322356989E-02 -1.042171013E-02 -7.045009298E+01 
       557 -6.942184616E-02  4.132414405E-02 -1.028109791E-02 -8.361549995E+01 
       558 -1.003017191E-01  2.097154708E-02 -1.018322013E-02 -1.357440403E+02 
       559 -4.346327609E-02 -3.345619071E-02 -1.007528738E-02 -7.522083815E+01 
       560 -5.009999871E-02 -2.434385002E-02 -1.007271593E-02 -6.692614959E+01 
       561 -5.279742937E-02 -2.700415297E-02 -1.002579903E-02 -6.994542256E+01 
       562 -4.618367971E-02 -3.299749797E-02 -9.937106195E-03 -7.651992451E+01 
       563 -9.508082745E-02  3.606911190E-02 -9.754857482E-03 -1.146367011E+02 
       564 -8.061662098E-02  4.171979896E-02 -9.745546984E-03 -1.090212731E+02 
       565 -3.153444253E-02 -3.348047040E-02 -9.656159953E-03 -7.382196218E+01 
       566 -1.272902061E-02 -3.316389381E-02 -9.449232589E-03 -1.013028086E+02 
       567 -1.013377479E-01  8.810881504E-03 -9.443456779E-03 -1.312973817E+02 
       568 -1.010626436E-01  1.376961404E-02 -9.416580899E-03 -1.391296174E+02 
       569 -6.085645441E-03 -3.313135002E-02 -9.378290110E-03 -1.048510832E+02 
       570 -7.549793236E-02  4.206167688E-02 -9.161838840E-03 -9.698419805E+01 
       571 -9.662164793E-02 -1.435588301E-02 -9.152020489E-03 -6.826466706E+01 
       572 -9.267403066E-02  3.938578343E-02 -9.024294256E-03 -1.130637521E+02 
       573 -9.402208775E-02 -1.996429462E-02 -9.017893561E-03 -7.703131246E+01 
       574 -3.718114028E-02 -3.375109148E-02 -8.996194052E-03 -7.260237699E+01 
       575 -7.747887631E-02  4.244502140E-02 -8.489389251E-03 -1.031626004E+02 
       576 -7.020458610E-02  4.281017901E-02 -7.880609827E-03 -8.689040871E+01 
       577 -9.520728004E-02 -1.873455949E-02 -7.774088940E-03 -7.707930171E+01 
       578 -4.222638539E-02 -3.410086442E-02 -7.625583759E-03 -7.593243880E+01 
       579 -4.749684861E-02 -3.310192345E-02 -7.625248165E-03 -8.006162881E+01 
       580 -8.636008792E-02  4.297270736E-02 -7.564341382E-03 -1.113698193E+02 
       581 -3.792516551E-02 -3.412238012E-02 -7.511547223E-03 -7.497618544E+01 
       582 -5.193091610E-02 -2.874956374E-02 -7.440873198E-03 -7.372435731E+01 
       583 -4.851304605E-02 -3.270790291E-02 -7.429259660E-03 -7.910075305E+01 
       584 -4.952514431E-02 -3.045724142E-02 -7.423321213E-03 -7.619735025E+01 
       585 -9.727152591E-02  2.894003169E-02 -7.377760620E-03 -1.292453017E+02 
       586 -5.462978035E-02 -3.144579276E-02 -7.359419155E-03 -7.541820273E+01 
       587 -8.307682697E-02  4.312123491E-02 -7.278957923E-03 -1.119107204E+02 
       588 -9.958499942E-02 -7.195915941E-03 -7.275391006E-03 -7.560819265E+01 
       589 -7.271705410E-02  4.314810918E-02 -7.266773138E-03 -9.185892824E+01 
       590 -6.898468021E-02  4.336573657E-02 -6.905627833E-03 -8.657830952E+01 
       591 -4.917732762E-02 -3.134462070E-02 -6.890016425E-03 -7.824077434E+01 
       592 -8.723343761E-02  4.346715286E-02 -6.666027000E-03 -1.113264229E+02 
       593 -9.521570874E-02  3.268220618E-02 -6.557079906E-03 -1.259246453E+02 
       594 -5.009999871E-02 -2.787762768E-02 -6.538938267E-03 -7.412836550E+01 
       595 -5.281077440E-02 -3.052589607E-02 -6.516985171E-03 -7.605045543E+01 
       596 -2.327076121E-02 -3.407096884E-02 -6.480799313E-03 -9.551915830E+01 
       597 -9.870745292E-02 -1.154624112E-02 -6.168359349E-03 -7.771194749E+01 
       598 -3.753174732E-02 -3.442732759E-02 -6.145470214E-03 -7.836961145E+01 
       599 -3.003903408E-02 -3.432198846E-02 -5.917823936E-03 -8.908627619E+01 
       600 -9.013422296E-02  3.947989746E-02 -5.666088915E-03 -1.173740467E+02 
       601 -9.914630713E-02  2.161608865E-02 -5.609313926E-03 -1.417169935E+02 
       602 -1.010245811E-01  4.829288664E-04 -5.608967799E-03 -1.128138397E+02 
       603 -8.744186805E-02  4.208786047E-02 -5.370977295E-03 -1.158658772E+02 
       604 -4.354996290E-02 -3.454254199E-02 -5.228714187E-03 -7.932187771E+01 
       605 -4.582873469E-02 -3.427792491E-02 -5.188659063E-03 -8.243058079E+01 
       606 -7.818908173E-02  4.420759966E-02 -5.116099561E-03 -1.030844357E+02 
       607 -1.533820505E-02 -3.418338404E-02 -4.728238957E-03 -1.234402374E+02 
       608 -8.138408658E-02  4.446265235E-02 -4.542635971E-03 -1.080726040E+02 
       609 -9.740924352E-02  2.573933106E-02 -4.474419799E-03 -1.387355066E+02 
       610 -1.006927727E-01 -4.099403777E-03 -4.359445306E-03 -1.062815147E+02 
       611 -1.011639170E-01  7.431040026E-03 -4.292256891E-03 -1.440047995E+02 
       612 -1.004572732E-01  1.492499196E-02 -4.237260205E-03 -1.492963813E+02 
       613 -7.363171892E-02  4.458140776E-02 -4.224121694E-03 -9.600650872E+01 
       614 -3.198779465E-03 -3.417140267E-02 -4.149431218E-03 -1.324130631E+02 
       615 -7.494541727E-19 -3.402170184E-02 -4.131751787E-03 -1.316361234E+02 
       616 -2.121235540E-02 -3.430251053E-02 -4.128986215E-03 -1.168339204E+02 
       617 -9.643982836E-02 -2.005845897E-02 -3.920305829E-03 -9.124667807E+01 
       618 -8.191258371E-02  4.478708407E-02 -3.836623208E-03 -1.134421853E+02 
       619 -5.462978035E-02 -3.514787239E-02 -3.657339530E-03 -8.171568766E+01 
       620 -7.629796879E-02  4.483844754E-02 -3.554570951E-03 -1.001893529E+02 
       621 -5.181626103E-02 -3.248469424E-02 -3.521952122E-03 -7.985406797E+01 
       622 -9.402208775E-02 -2.548982917E-02 -3.492359014E-03 -9.507225531E+01 
       623 -4.934906839E-02 -3.174689560E-02 -3.424319510E-03 -8.093921860E+01 
       624 -3.464701631E-02 -3.459095717E-02 -3.262440542E-03 -8.627433473E+01 
       625 -7.257614606E-02  4.498610002E-02 -3.200196594E-03 -9.612684590E+01 
       626 -4.879793340E-02 -3.305191839E-02 -3.154870903E-03 -8.322113040E+01 
       627 -3.167171284E-02 -3.466482660E-02 -3.106224448E-03 -9.610001682E+01 
       628 -8.525788712E-02  4.180671261E-02 -3.090992853E-03 -1.177066679E+02 
       629 -8.195705326E-02  4.400095735E-02 -3.021564121E-03 -1.184368456E+02 
       630 -9.931898168E-02  1.853134776E-02 -2.984642668E-03 -1.474529809E+02 
       631 -1.012465320E-01  3.553872418E-03 -2.965938668E-03 -1.416394416E+02 
       632 -9.279668845E-02  3.316922994E-02 -2.925300058E-03 -1.338827465E+02 
       633 -4.218803497E-02 -3.480971435E-02 -2.844069589E-03 -8.210021094E+01 
       634 -4.972405769E-02 -3.113055291E-02 -2.835156504E-03 -8.116140723E+01 
       635 -4.006826356E-02 -3.478876655E-02 -2.808666788E-03 -8.172453278E+01 
       636 -9.024273087E-02  3.641897309E-02 -2.694395283E-03 -1.289867113E+02 
       637 -5.244204121E-02 -3.397219681E-02 -2.642488089E-03 -8.258916265E+01 
       638 -4.750396645E-02 -3.366377384E-02 -2.581768462E-03 -8.508548637E+01 
       639 -9.507142016E-02 -2.435032832E-02 -2.486463939E-03 -1.026698469E+02 
       640 -7.697635280E-02  4.540529783E-02 -2.124377825E-03 -1.146750558E+02 
       641 -5.462978035E-02 -3.695929009E-02 -1.845921828E-03 -8.405612041E+01 
       642 -9.952303952E-02 -1.315783792E-02 -1.733404804E-03 -1.078430766E+02 
       643 -1.006160588E-01  1.115595174E-02 -1.612519633E-03 -1.525741478E+02 
       644 -7.426114380E-02  4.561211630E-02 -1.454786721E-03 -1.118639251E+02 
       645 -5.199391022E-02 -3.478370822E-02 -1.382274635E-03 -8.403981719E+01 
       646 -8.032421867E-02  4.317350227E-02 -1.212751426E-03 -1.204047283E+02 
       647 -4.935804009E-02 -3.260812634E-02 -9.186274418E-04 -8.494272252E+01 
       648 -9.850790658E-02 -1.765944578E-02 -8.373396650E-04 -1.130858130E+02 
       649 -7.692551646E-02  4.413666645E-02 -7.930880851E-04 -1.257151319E+02 
       650 -3.064216919E-02 -3.483507046E-02 -5.193418185E-04 -1.109301256E+02 
       651 -4.361002129E-02 -3.492851635E-02 -2.649689365E-04 -8.993728449E+01 
       652 -4.670066296E-02 -3.404627392E-02 -2.582761504E-04 -8.879915181E+01 
       653 -2.270031137E-02 -3.473596037E-02 -1.702205363E-04 -1.309193843E+02 
       654 -3.774246649E-02 -3.492822824E-02 -1.685496032E-04 -8.985672535E+01 
       655 -9.522041396E-02  2.620206564E-02 -6.159208936E-05 -1.489075141E+02 
       656 -8.488743396E-02  3.906478494E-02 -4.363076869E-05 -1.240942830E+02 
       657 -9.590092115E-02 -2.516191515E-02  1.669114230E-05 -1.220265272E+02 
       658 -7.606616392E-02  4.358014113E-02  4.176585018E-05 -1.265568444E+02 
       659 -7.426114380E-02  4.392318300E-02  2.341465746E-04 -1.250803105E+02 
       660 -5.462978035E-02 -3.911412331E-02  3.089113870E-04 -9.957058014E+01 
       661 -8.691107176E-02  3.660740619E-02  5.626389242E-04 -1.319751268E+02 
       662 -9.271968697E-02  2.985797024E-02  5.846592501E-04 -1.468474513E+02 
       663 -5.360712113E-02 -3.848848037E-02  6.349608300E-04 -1.104277988E+02 
       664 -4.722901992E-02 -3.376828749E-02  6.591088806E-04 -9.343759681E+01 
       665 -1.200369404E-02 -3.446188786E-02  8.644895476E-04 -1.447314450E+02 
       666 -6.163910070E-03 -3.444050242E-02  9.155902656E-04 -1.517416514E+02 
       667 -4.940112586E-02 -3.454712852E-02  1.084746071E-03 -8.836934539E+01 
       668 -1.011086042E-01 -5.329808723E-03  1.149477557E-03 -1.382011621E+02 
       669 -4.841444171E-02 -3.344502704E-02  1.183016059E-03 -9.206669666E+01 
       670 -9.799505175E-02  1.879332412E-02  1.227215492E-03 -1.499606827E+02 
       671 -9.402208775E-02 -3.021371011E-02  1.231521930E-03 -1.188885688E+02 
       672 -2.659444376E-02 -3.467157481E-02  1.320479192E-03 -1.238503201E+02 
       673 -8.129057881E-02  3.989969395E-02  1.532627378E-03 -1.225709294E+02 
       674 -1.010522619E-01  3.068121265E-03  1.565426115E-03 -1.516353487E+02 
       675 -9.997221816E-02  1.107869582E-02  1.677543283E-03 -1.472662038E+02 
       676 -9.473094224E-02 -2.940263924E-02  1.862123536E-03 -1.324519788E+02 
       677 -8.096341184E-02  3.972160586E-02  1.880065099E-03 -1.241175129E+02 
       678 -5.462978035E-02 -4.096936303E-02  2.164151109E-03 -8.526915844E+01 
       679 -1.007271528E-01 -1.002042846E-02  2.224859047E-03 -1.379529452E+02 
       680 -7.672527878E-02  4.118496459E-02  2.249412835E-03 -1.232085254E+02 
       681 -3.808665848E-02 -3.477510623E-02  2.276213945E-03 -9.572885741E+01 
       682 -5.235731814E-02 -3.910221064E-02  2.465301323E-03 -1.314055988E+02 
       683 -4.197914284E-02 -3.480519061E-02  2.514423102E-03 -9.487453059E+01 
       684 -8.661955499E-02  3.466627208E-02  2.773228416E-03 -1.429267954E+02 
       685 -9.550861523E-02  2.279751506E-02  2.846173000E-03 -1.542924203E+02 
       686 -9.915177605E-02 -1.946824710E-02  3.093541460E-03 -1.462762531E+02 
       687 -9.786532700E-02 -2.349596430E-02  3.126774085E-03 -1.471649000E+02 
       688 -4.922870288E-02 -3.641961490E-02  3.188878195E-03 -1.117771101E+02 
       689 -9.045711537E-02  3.028824826E-02  3.219953529E-03 -1.531862509E+02 
       690 -5.235414730E-02 -3.986051693E-02  3.272997203E-03 -9.139798802E+01 
       691 -7.538055726E-02  4.015773010E-02  3.674669855E-03 -1.255107345E+02 
       692 -3.344299231E-02 -3.458884349E-02  3.812085669E-03 -1.079983874E+02 
       693 -7.426114380E-02  4.032617924E-02  3.831150340E-03 -1.267042305E+02 
       694 -9.558069706E-02 -2.969847258E-02  3.889408635E-03 -1.505857824E+02 
       695 -1.011969026E-01 -1.987505711E-03  3.945582284E-03 -1.551448622E+02 
       696 -3.660868632E-02 -3.458278289E-02  3.990195856E-03 -1.011521178E+02 
       697 -9.828883027E-02  1.498462500E-02  3.990583655E-03 -1.465367217E+02 
       698 -5.414058861E-02 -3.900760462E-02  4.125909516E-03 -4.799311935E+01 
       699 -4.573744156E-02 -3.450725704E-02  4.213082817E-03 -1.021295776E+02 
       700 -1.002001757E-01  6.852288776E-03  4.273795937E-03 -1.485741358E+02 
       701 -8.053759598E-02  3.746647975E-02  4.318291857E-03 -1.280219401E+02 
       702 -4.833036512E-02 -3.656890218E-02  4.519302723E-03 -1.320007461E+02 
       703 -4.325846419E-02 -3.459793865E-02  4.539803411E-03 -1.028807005E+02 
       704 -8.484639317E-02  3.447749106E-02  4.606515541E-03 -1.440612177E+02 
       705 -4.657417357E-02 -3.423705811E-02  4.725511081E-03 -9.949799041E+01 
       706 -4.700106600E-02 -3.522589373E-02  4.971922151E-03 -1.156435210E+02 
       707 -8.156131927E-02  3.609162293E-02  5.196001659E-03 -1.360990098E+02 
       708 -9.402208775E-02 -3.433693747E-02  5.354749286E-03 -1.418506834E+02 
       709 -8.978852912E-02  2.874691168E-02  5.461835159E-03 -1.649794165E+02 
       710 -7.681705996E-02  3.789709073E-02  5.494618799E-03 -1.273735319E+02 
       711 -4.841576291E-02 -3.761910871E-02  5.514405427E-03 -9.280096212E+01 
       712 -4.298814237E-02 -3.440706141E-02  5.751826732E-03 -1.055336367E+02 
       713 -1.904063863E-02 -3.398059050E-02  5.814656442E-03 -1.381334104E+02 
       714 -2.727563280E-02 -3.421705842E-02  6.180144360E-03 -1.260277440E+02 
       715 -1.010426383E-01 -1.176347581E-02  6.196501279E-03 -1.640592764E+02 
       716 -7.494541727E-19 -3.371348632E-02  6.210854806E-03 -1.534359374E+02 
       717 -1.002193993E-01 -1.794737061E-02  6.232907248E-03 -1.670186514E+02 
       718 -1.548647887E-02 -3.399229961E-02  6.235632935E-03 -1.444596378E+02 
       719 -3.256314882E-03 -3.388047577E-02  6.241856756E-03 -1.545675743E+02 
       720 -4.561244674E-02 -3.425210899E-02  6.312731666E-03 -1.098102597E+02 
       721 -9.807214447E-02 -2.612410676E-02  6.416671370E-03 -1.676312046E+02 
       722 -9.530786665E-02 -3.285428710E-02  6.493990270E-03 -1.805091733E+02 
       723 -4.602875359E-02 -3.516093491E-02  6.500027017E-03 -1.563600192E+02 
       724 -5.009590032E-02 -3.661836517E-02  6.515148972E-03 -2.032702223E+01 
       725 -9.353166533E-02  2.257933073E-02  6.672344157E-03 -1.641478365E+02 
       726 -4.276445966E-02 -3.422506772E-02  6.748093865E-03 -1.115475716E+02 
       727 -4.658802891E-02 -3.638187063E-02  6.751643502E-03 -1.412270421E+02 
       728 -9.402208775E-02 -3.605785116E-02  7.075662977E-03 -1.153676365E+02 
       729 -7.573081609E-02  3.656941581E-02  7.139844966E-03 -1.325449696E+02 
       730 -3.075404566E-02 -3.408452233E-02  7.259492720E-03 -1.145699155E+02 
       731 -9.706809266E-02  1.480443322E-02  7.290887649E-03 -1.472854780E+02 
       732 -7.426114380E-02  3.679871040E-02  7.358619181E-03 -1.327760778E+02 
       733 -9.571184391E-02 -3.297208988E-02  7.498188347E-03 -2.132425448E+02 
       734 -9.185755710E-02  2.429536074E-02  7.625303995E-03 -1.715408595E+02 
       735 -3.797304056E-02 -3.399731320E-02  7.741153793E-03 -9.541491682E+01 
       736 -4.472705126E-02 -3.400088577E-02  7.746836642E-03 -1.669266611E+02 
       737 -9.942548298E-02  6.766127003E-03  7.753771000E-03 -1.413172895E+02 
       738 -5.027965771E-02 -3.525554865E-02  7.877965490E-03 -8.576613510E+00 
       739 -8.459615526E-02  3.124611526E-02  8.050068862E-03 -1.551583541E+02 
       740 -4.517979886E-02 -3.508196966E-02  8.051544481E-03 -1.559952728E+02 
       741 -7.969415707E-02  3.416436879E-02  8.139223215E-03 -1.410275209E+02 
       742 -5.313523405E-02 -3.497593318E-02  8.157580957E-03 -1.411682185E+01 
       743 -1.008782532E-01 -2.008869772E-03  8.167558323E-03 -1.568939523E+02 
       744 -4.068422164E-02 -3.386402260E-02  8.308492991E-03 -1.066372736E+02 
       745 -8.619862531E-02  2.954363195E-02  8.440707630E-03 -1.655222561E+02 
       746 -7.716295625E-02  3.464440220E-02  8.644199793E-03 -1.386859387E+02 
       747 -4.927463948E-02 -3.437121465E-02  8.762299484E-03 -8.844746558E-02 
       748 -9.569541593E-02 -3.425602448E-02  8.877489657E-03 -1.586663775E+02 
       749 -9.356466912E-02 -3.422351267E-02  8.910001467E-03 -9.517298561E+01 
       750 -2.329778021E-02 -3.359584052E-02  9.012021264E-03 -1.305562066E+02 
       751 -4.689880343E-02 -3.409093699E-02  9.042577143E-03 -1.820689532E+01 
       752 -9.497447304E-02 -3.396131545E-02  9.172198688E-03 -9.829706515E+01 
       753 -1.004567254E-01 -1.956379928E-02  9.413126997E-03 -1.796368961E+02 
       754 -9.436755139E-02  1.827010855E-02  9.424380556E-03 -1.610547061E+02 
       755 -4.368977621E-02 -3.370656804E-02  9.426946094E-03 -1.141894284E+02 
       756 -9.789848741E-02 -2.977734111E-02  9.499048731E-03 -2.119172172E+02 
       757 -8.156529670E-02  3.169447710E-02  9.626527233E-03 -1.520727600E+02 
       758 -9.977164917E-02 -2.356274407E-02  9.781691356E-03 -1.799790214E+02 
       759 -1.013235698E-01 -1.013284164E-02  9.924828934E-03 -1.735883952E+02 
       760 -3.179345324E-02 -3.339588967E-02  9.972067447E-03 -1.038678438E+02 
       761 -9.750255663E-02  1.070243487E-02  1.009207435E-02 -1.410925518E+02 
       762 -4.138458585E-02 -3.345275253E-02  1.021783823E-02 -1.074106181E+02 
       763 -3.552416130E-02 -3.322483364E-02  1.056479738E-02 -9.176119694E+01 
       764 -9.976403034E-02  2.840029933E-03  1.060862555E-02 -1.461196389E+02 
       765 -7.575382067E-02  3.304754009E-02  1.067120308E-02 -1.445648678E+02 
       766 -8.937668644E-02  2.416384356E-02  1.069515758E-02 -1.773407689E+02 
       767 -8.601639637E-02  2.745802297E-02  1.070870514E-02 -1.727657433E+02 
       768 -7.426114380E-02  3.327031134E-02  1.088701824E-02 -1.434876308E+02 
       769 -4.368977621E-02 -3.209247186E-02  1.104104228E-02 -3.340250576E+01 
       770 -1.010036089E-01 -5.542684167E-03  1.106541692E-02 -1.634811937E+02 
       771 -1.289417645E-02 -3.274117193E-02  1.109804675E-02 -1.354651185E+02 
       772 -4.492267620E-02 -3.197665702E-02  1.115685711E-02 -1.813554167E+01 
       773 -6.234384157E-03 -3.260123264E-02  1.126952124E-02 -1.414355107E+02 
       774 -8.050005263E-02  3.032043342E-02  1.155008743E-02 -1.554552588E+02 
       775 -4.368977621E-02 -3.285583420E-02  1.178613936E-02 -5.529174482E+01 
       776 -4.200531180E-02 -3.286043942E-02  1.183696321E-02 -9.231187242E+01 
       777 -9.861492544E-02 -2.979458353E-02  1.197562261E-02 -2.417057456E+02 
       778 -5.069395827E-02 -3.115120867E-02  1.198230547E-02  8.402944543E+00 
       779 -5.214606369E-02 -3.100916201E-02  1.212435213E-02  9.798385376E+00 
       780 -7.715597232E-02  3.102923812E-02  1.227706699E-02 -1.503217779E+02 
       781 -2.387964610E-02 -3.256088860E-02  1.231660145E-02 -1.146274483E+02 
       782 -8.418935442E-02  2.701881083E-02  1.265257082E-02 -1.695980537E+02 
       783 -9.276454066E-02  1.760889069E-02  1.266579006E-02 -1.659448485E+02 
       784 -9.857998403E-02 -3.043214754E-02  1.270136660E-02 -1.543467356E+02 
       785 -9.468352990E-02 -3.033037216E-02  1.280314198E-02 -7.963473981E+01 
       786 -9.258676438E-02 -3.030191789E-02  1.283159624E-02 -7.249106476E+01 
       787 -1.000409246E-01 -2.548584345E-02  1.299701093E-02 -2.272373326E+02 
       788 -8.169689465E-02  2.815483968E-02  1.309864594E-02 -1.619840866E+02 
       789 -4.657693336E-02 -2.993362620E-02  1.319988794E-02  3.193410397E+00 
       790 -2.931117050E-02 -3.222465221E-02  1.325936450E-02 -1.008888731E+02 
       791 -4.884267118E-02 -2.986032016E-02  1.327319397E-02  1.385714876E+01 
       792 -9.627526466E-02  1.054453420E-02  1.330470554E-02 -1.486668910E+02 
       793 -1.011450484E-01 -1.786544027E-02  1.334637905E-02 -1.811687693E+02 
       794 -9.583895332E-02 -2.963248690E-02  1.350102724E-02 -5.786082667E+01 
       795 -3.690452535E-02 -3.217232002E-02  1.354278346E-02 -7.409481703E+01 
       796 -8.869579640E-02  2.180355423E-02  1.368243815E-02 -1.757705736E+02 
       797 -4.045688300E-02 -3.208254552E-02  1.375585304E-02 -6.771249736E+01 
       798 -1.012880057E-01 -1.338611608E-02  1.407216592E-02 -1.771784890E+02 
       799 -7.576744005E-02  2.951889948E-02  1.419538167E-02 -1.529986619E+02 
       800 -7.426114380E-02  2.974059804E-02  1.441673153E-02 -1.518600978E+02 
       801 -8.978770571E-02  1.978772007E-02  1.450123268E-02 -1.722539535E+02 
       802 -9.868838979E-02  3.039303351E-03  1.453292846E-02 -1.454642416E+02 
       803 -4.368977621E-02 -2.858917330E-02  1.454434084E-02  6.164943274E+00 
       804 -4.482840701E-02 -2.851795986E-02  1.461555427E-02  1.036938874E+01 
       805 -9.380872407E-02  1.355617987E-02  1.510384485E-02 -1.598237799E+02 
       806 -9.595182332E-02 -2.794875923E-02  1.518475491E-02 -4.145870449E+01 
       807 -8.513588471E-02  2.365123156E-02  1.525163390E-02 -1.724558399E+02 
       808 -4.368977621E-02 -2.938144865E-02  1.528834242E-02  4.992525230E-01 
       809 -7.987150656E-02  2.681998906E-02  1.538823549E-02 -1.596344535E+02 
       810 -7.707352848E-02  2.755631710E-02  1.577916617E-02 -1.556029965E+02 
       811 -1.005800581E-01 -2.478092634E-02  1.578615321E-02 -2.525836108E+02 
       812 -4.368977621E-02 -2.961452171E-02  1.586049263E-02  7.880413088E+00 
       813 -2.094142005E-02 -3.073098969E-02  1.589830007E-02 -9.661037772E+01 
       814 -1.602111275E-02 -3.069748589E-02  1.594691880E-02 -1.033110796E+02 
       815 -5.016535362E-02 -2.716738068E-02  1.596613345E-02  2.046216463E+01 
       816 -7.494541727E-19 -3.031212505E-02  1.600838403E-02 -1.118127278E+02 
       817 -3.071515719E-02 -3.098321394E-02  1.604866928E-02 -7.692253078E+01 
       818 -5.116037716E-02 -2.705635846E-02  1.607715567E-02  2.002644698E+01 
       819 -3.456391954E-03 -3.047704064E-02  1.609859395E-02 -1.120028649E+02 
       820 -9.675277159E-02  6.791903014E-03  1.610831264E-02 -1.484112542E+02 
       821 -1.002133354E-01 -4.503305125E-03  1.614153058E-02 -1.618829078E+02 
       822 -3.512262161E-02 -3.092622554E-02  1.615115974E-02 -6.399907193E+01 
       823 -8.412807885E-02  2.323953595E-02  1.640061273E-02 -1.654148769E+02 
       824 -4.368977621E-02 -3.076426103E-02  1.648240502E-02 -1.877041429E+01 
       825 -4.184377910E-02 -3.079425011E-02  1.649462546E-02 -4.716163535E+01 
       826 -1.011143167E-01 -2.056159950E-02  1.675282712E-02 -2.257987793E+02 
       827 -8.077233637E-02  2.486335232E-02  1.689366524E-02 -1.608536503E+02 
       828 -4.627361145E-02 -2.621130587E-02  1.692220827E-02  2.231965431E+01 
       829 -4.831908019E-02 -2.611272633E-02  1.702078781E-02  2.425085428E+01 
       830 -9.153149192E-02 -2.607005615E-02  1.706345798E-02 -4.652194520E+01 
       831 -1.005059803E-01 -2.603593130E-02  1.709758284E-02 -1.526522747E+02 
       832 -9.941094267E-02 -2.589253934E-02  1.724097480E-02 -1.740756450E+01 
       833 -9.282979803E-02 -2.588653730E-02  1.724697683E-02 -4.114571829E+01 
       834 -9.889838191E-02 -3.758536788E-04  1.739276088E-02 -1.545682032E+02 
       835 -7.549228341E-02  2.603581323E-02  1.776457481E-02 -1.544901287E+02 
       836 -9.236336703E-02  1.307814678E-02  1.791309127E-02 -1.642996388E+02 
       837 -7.426114380E-02  2.621067469E-02  1.794665489E-02 -1.534812411E+02 
       838 -4.368977621E-02 -2.509587466E-02  1.803763948E-02  3.040289402E+01 
       839 -4.462695952E-02 -2.506089218E-02  1.807262196E-02  3.039752640E+01 
       840 -8.810767095E-02  1.790426272E-02  1.822500890E-02 -1.668825457E+02 
       841 -1.009517702E-01 -1.200267301E-02  1.825596556E-02 -1.736497412E+02 
       842 -4.043844870E-02 -2.953219668E-02  1.863191246E-02 -2.839246542E+01 
       843 -3.670096480E-02 -2.950263098E-02  1.867537859E-02 -3.911518175E+01 
       844 -2.916544975E-02 -2.929222378E-02  1.887651994E-02 -5.855376732E+01 
       845 -8.405937720E-02  2.074982372E-02  1.892429240E-02 -1.610434152E+02 
       846 -7.918492011E-02  2.356448336E-02  1.898199957E-02 -1.557210028E+02 
       847 -4.368977621E-02 -2.644533074E-02  1.926365925E-02  2.513804320E+01 
       848 -1.002117351E-01 -7.858913855E-03  1.928189298E-02 -1.680561336E+02 
       849 -7.696703450E-02  2.398955683E-02  1.938180842E-02 -1.531219675E+02 
       850 -8.959470597E-02  1.513575577E-02  1.942358690E-02 -1.645337385E+02 
       851 -2.390858322E-02 -2.882804529E-02  1.952545526E-02 -6.415077557E+01 
       852 -8.557887801E-02  1.894047699E-02  1.958707406E-02 -1.612332953E+02 
       853 -4.368977621E-02 -2.651043035E-02  1.964083753E-02  3.087764581E+01 
       854 -9.497295436E-02  6.919040923E-03  1.971912174E-02 -1.607103262E+02 
       855 -9.413358957E-02 -2.326380655E-02  1.986970758E-02 -2.245141666E+01 
       856 -4.945804636E-02 -2.324082559E-02  1.989268855E-02  3.302581454E+01 
       857 -5.046399957E-02 -2.318837929E-02  1.994513485E-02  3.123295160E+01 
       858 -9.781866243E-02 -2.309874386E-02  2.003477027E-02 -5.085267037E+00 
       859 -4.589149236E-02 -2.302163008E-02  2.011188405E-02  3.979541212E+01 
       860 -4.848120737E-02 -2.273689079E-02  2.039662335E-02  4.074134603E+01 
       861 -8.074936685E-02  2.129699158E-02  2.045895296E-02 -1.545701009E+02 
       862 -9.303715588E-02  9.586775994E-03  2.047786026E-02 -1.654678314E+02 
       863 -1.298591910E-02 -2.783622767E-02  2.054296544E-02 -6.489204187E+01 
       864 -1.012066528E-01 -1.951011371E-02  2.055097156E-02 -2.429374194E+02 
       865 -6.396430890E-03 -2.771411738E-02  2.058262891E-02 -6.975604690E+01 
       866 -4.368977621E-02 -2.803632146E-02  2.077622545E-02  1.200202677E+01 
       867 -4.189681301E-02 -2.806600127E-02  2.079565552E-02 -6.123575388E+00 
       868 -3.528171357E-02 -2.775252732E-02  2.115094936E-02 -2.317612290E+01 
       869 -7.546433450E-02  2.251339064E-02  2.129382148E-02 -1.498397051E+02 
       870 -9.047440902E-02 -2.183093504E-02  2.130257909E-02 -2.888965068E+01 
       871 -3.139169996E-02 -2.751314567E-02  2.143670036E-02 -3.018782793E+01 
       872 -7.426114380E-02  2.268251537E-02  2.147481421E-02 -1.494284844E+02 
       873 -9.217657439E-02 -2.162352013E-02  2.150999400E-02 -1.718001288E+01 
       874 -4.368977621E-02 -2.160381256E-02  2.152970157E-02  5.261752271E+01 
       875 -9.722268216E-02  2.153034398E-04  2.154146945E-02 -1.628958578E+02 
       876 -2.341905839E-02 -2.742282435E-02  2.157549103E-02 -3.367753432E+01 
       877 -1.008956160E-01 -1.522328130E-02  2.165611120E-02 -2.114928716E+02 
       878 -9.964010918E-02 -2.106475199E-02  2.206876215E-02  4.792942103E+00 
       879 -1.011308380E-01 -2.103720206E-02  2.209631207E-02 -1.284811938E+02 
       880 -7.975557951E-02  1.997277809E-02  2.226360372E-02 -1.497482842E+02 
       881 -9.516110976E-02  3.856356217E-03  2.241486292E-02 -1.664582787E+02 
       882 -8.404491922E-02  1.692499969E-02  2.276665990E-02 -1.522349929E+02 
       883 -4.059333934E-02 -2.637104172E-02  2.289669483E-02  1.125025744E+01 
       884 -7.700428209E-02  2.044513273E-02  2.290784293E-02 -1.474379284E+02 
       885 -4.821407580E-02 -2.017794544E-02  2.295556869E-02  5.353335193E+01 
       886 -3.704767231E-02 -2.618953489E-02  2.309883621E-02  2.789684336E+00 
       887 -4.368977621E-02 -2.312217892E-02  2.311619405E-02  5.161605837E+01 
       888 -4.598897530E-02 -1.988237532E-02  2.325113882E-02  6.215293821E+01 
       889 -8.790591920E-02  1.316517355E-02  2.333000467E-02 -1.651264646E+02 
       890 -9.891459709E-02 -6.819907071E-03  2.363465993E-02 -1.687656533E+02 
       891 -8.131641353E-02  1.774076180E-02  2.371790165E-02 -1.475918162E+02 
       892 -5.070471874E-02 -1.934728379E-02  2.378623034E-02  6.109193029E+01 
       893 -9.344913324E-02 -1.917590959E-02  2.395760455E-02 -1.691733161E+00 
       894 -9.019014679E-02  9.837649666E-03  2.396944389E-02 -1.694891487E+02 
       895 -7.494541727E-19 -2.422501985E-02  2.427891978E-02 -2.577121198E+01 
       896 -8.596600283E-02  1.391653028E-02  2.432183409E-02 -1.575205224E+02 
       897 -3.634388313E-03 -2.437579315E-02  2.444361082E-02 -2.242492845E+01 
       898 -1.947557335E-02 -2.431503088E-02  2.445020383E-02 -9.269753303E+00 
       899 -2.997411206E-02 -2.476223397E-02  2.445883162E-02 -1.455729554E+00 
       900 -9.715258928E-02 -1.863865686E-02  2.449485727E-02  9.509106994E+00 
       901 -9.728503507E-02 -2.913908878E-03  2.451380605E-02 -1.708291211E+02 
       902 -4.368977621E-02 -2.471485617E-02  2.462664089E-02  4.231484626E+01 
       903 -4.214723083E-02 -2.473865499E-02  2.465129779E-02  3.275644458E+01 
       904 -1.619055653E-02 -2.431309200E-02  2.465737928E-02 -1.284385080E+01 
       905 -2.759361978E-02 -2.444561334E-02  2.471549260E-02 -1.548793152E+00 
       906 -7.560385951E-02  1.896475423E-02  2.479624539E-02 -1.441297984E+02 
       907 -4.463966512E-02 -1.814887110E-02  2.498464303E-02  7.624608642E+01 
       908 -7.426114380E-02  1.915625109E-02  2.500107849E-02 -1.436331187E+02 
       909 -4.368977621E-02 -1.812250394E-02  2.501101020E-02  8.039729884E+01 
       910 -3.613283318E-02 -2.430471413E-02  2.508685040E-02  2.185242405E+01 
       911 -8.906000430E-02 -1.765636941E-02  2.547714472E-02 -1.535632742E+01 
       912 -3.196706550E-02 -2.346199779E-02  2.579694189E-02  2.492029123E+01 
       913 -7.987856306E-02  1.635879750E-02  2.582162844E-02 -1.431970204E+02 
       914 -9.085303812E-02 -1.729202106E-02  2.584149308E-02  5.732014246E-01 
       915 -1.001138723E-01 -1.414462727E-02  2.584892026E-02 -2.258244763E+02 
       916 -9.289903532E-02  4.158270827E-03  2.591155346E-02 -1.789088955E+02 
       917 -9.001961801E-02  7.823257104E-03  2.618826592E-02 -1.772125338E+02 
       918 -4.856336274E-02 -1.684079045E-02  2.629272369E-02  8.496305299E+01 
       919 -7.700487794E-02  1.702171934E-02  2.632903790E-02 -1.418692082E+02 
       920 -4.368977621E-02 -1.935469694E-02  2.637838012E-02  8.413861213E+01 
       921 -4.368977621E-02 -1.972475436E-02  2.644025702E-02  7.223063096E+01 
       922 -4.646247858E-02 -1.660888270E-02  2.652463144E-02  8.866601444E+01 
       923 -4.076530355E-02 -2.264901355E-02  2.657957460E-02  4.990793483E+01 
       924 -3.796543548E-02 -2.255669057E-02  2.665840768E-02  4.541863191E+01 
       925 -9.889908515E-02 -1.001139502E-02  2.681083515E-02 -2.032640288E+02 
       926 -8.425378384E-02  1.263726239E-02  2.687886664E-02 -1.566530970E+02 
       927 -9.844930584E-02 -1.603810572E-02  2.709540842E-02  1.437190141E+01 
       928 -1.000295324E-01 -1.572612440E-02  2.740738974E-02 -1.153867985E+02 
       929 -8.105828267E-02  1.409364976E-02  2.750575761E-02 -1.467338224E+02 
       930 -5.237732165E-02 -1.559626540E-02  2.753724874E-02  1.005927722E+02 
       931 -2.433970566E-02 -2.121885040E-02  2.770359164E-02  2.238348875E+01 
       932 -5.112720942E-02 -1.519191530E-02  2.794159883E-02  1.029787184E+02 
       933 -4.368977621E-02 -2.087490444E-02  2.796368905E-02  7.300705794E+01 
       934 -4.229616067E-02 -2.088783903E-02  2.798640877E-02  6.948918794E+01 
       935 -9.166786459E-02 -1.499812504E-02  2.813538910E-02  1.354647746E+01 
       936 -6.505220854E-03 -2.002044629E-02  2.817261300E-02  2.622395759E+01 
       937 -1.326971620E-02 -2.010878761E-02  2.819023389E-02  3.255153590E+01 
       938 -9.525744579E-02 -2.233052973E-03  2.827755651E-02 -1.820466119E+02 
       939 -7.548216320E-02  1.545806126E-02  2.834194249E-02 -1.435746172E+02 
       940 -4.516507287E-02 -1.469264332E-02  2.844058073E-02  1.020380425E+02 
       941 -3.216207685E-02 -2.009799257E-02  2.847545817E-02  5.512888768E+01 
       942 -4.368977621E-02 -1.463662575E-02  2.849646718E-02  1.056012735E+02 
       943 -7.426114380E-02  1.558445290E-02  2.857287668E-02 -1.452093486E+02 
       944 -3.640985185E-02 -1.982442452E-02  2.872203568E-02  6.372907693E+01 
       945 -9.282884796E-02  1.438148307E-03  2.874486524E-02 -1.867693064E+02 
       946 -8.760135048E-02  7.832736446E-03  2.878877865E-02 -1.832579119E+02 
       947 -2.473853865E-02 -1.943019209E-02  2.884794910E-02  5.550894167E+01 
       948 -8.502181439E-02  1.000108031E-02  2.893480425E-02 -1.720193522E+02 
       949 -9.520630417E-02 -1.396177215E-02  2.917174199E-02  1.923852246E+01 
       950 -8.652300262E-02 -1.382168969E-02  2.931182445E-02  1.476533852E+01 
       951 -4.112037882E-02 -1.902509858E-02  2.931317488E-02  8.375972149E+01 
       952 -4.368977621E-02 -1.538040389E-02  2.931806457E-02  1.096324565E+02 
       953 -7.939698624E-02  1.305778803E-02  2.933611059E-02 -1.441631640E+02 
       954 -3.042168805E-02 -1.848561451E-02  2.949130038E-02  6.945281210E+01 
       955 -7.664576771E-02  1.393830657E-02  2.952629648E-02 -1.428633249E+02 
       956 -4.368977621E-02 -1.595903326E-02  2.954916919E-02  9.975829034E+01 
       957 -3.754285184E-02 -1.857913603E-02  2.957149700E-02  8.216826379E+01 
       958 -5.032758220E-02 -1.327221120E-02  2.986130294E-02  1.172350823E+02 
       959 -8.826081256E-02 -1.304389122E-02  3.008962292E-02  2.372621268E+01 
       960 -4.671712029E-02 -1.302196518E-02  3.011127359E-02  1.122808646E+02 
       961 -7.494541727E-19 -1.646272433E-02  3.016770329E-02  5.371992202E+01 
       962 -7.426114380E-02  1.387322063E-02  3.028410894E-02 -1.248506919E+02 
       963 -3.969985404E-03 -1.652299465E-02  3.039586864E-02  5.867025426E+01 
       964 -7.243614340E-02  1.385346526E-02  3.047508587E-02 -9.713652926E+01 
       965 -2.220939593E-02 -1.638380097E-02  3.053372758E-02  7.426400413E+01 
       966 -1.604735208E-02 -1.626016328E-02  3.064713018E-02  6.725557959E+01 
       967 -7.588029869E-02  1.301746272E-02  3.067654143E-02 -1.294269359E+02 
       968 -4.368977621E-02 -1.659318715E-02  3.070804838E-02  1.007572108E+02 
       969 -7.010000199E-02  1.382817685E-02  3.071955108E-02 -9.128259887E+01 
       970 -4.271555942E-02 -1.659571168E-02  3.072937834E-02  9.878470150E+01 
       971 -9.720845492E-02 -9.068864533E-03  3.085196499E-02 -2.339897346E+02 
       972 -5.555767018E-02 -1.227281074E-02  3.086070340E-02  1.357667697E+02 
       973 -5.158786839E-02 -1.199465283E-02  3.113886131E-02  1.282553925E+02 
       974 -3.710720033E-02 -1.570927534E-02  3.116112401E-02  9.806785904E+01 
       975 -8.000335264E-02  1.078158755E-02  3.133750221E-02 -1.534350567E+02 
       976 -3.158036227E-02 -1.516105400E-02  3.137748515E-02  9.374575057E+01 
       977 -5.469752955E-02 -1.174856792E-02  3.138494621E-02  1.374619026E+02 
       978 -9.518438284E-02 -5.229742945E-03  3.147632567E-02 -2.273638769E+02 
       979 -4.113875023E-02 -1.490417376E-02  3.161146154E-02  1.078892766E+02 
       980 -8.194683014E-02  9.343948662E-03  3.162614589E-02 -1.716156663E+02 
       981 -3.580171079E-02 -1.459196660E-02  3.164573416E-02  1.020394959E+02 
       982 -8.845703439E-02 -1.136621465E-02  3.171113619E-02  4.156553044E+01 
       983 -8.757048165E-02  4.819778921E-03  3.175732082E-02 -1.988958791E+02 
       984 -9.035016819E-02  1.759497657E-03  3.178480368E-02 -2.011458611E+02 
       985 -9.566159793E-02 -1.120701059E-02  3.185020526E-02  2.173377956E+01 
       986 -7.507013365E-02  1.203084004E-02  3.186775913E-02 -1.161801530E+02 
       987 -7.234281874E-02  1.243870833E-02  3.190621079E-02 -1.002046521E+02 
       988 -4.544558601E-02 -1.119038824E-02  3.194007189E-02  1.194496094E+02 
       989 -4.368977621E-02 -1.115626093E-02  3.197249868E-02  1.210791532E+02 
       990 -7.195873135E-02  1.222163255E-02  3.216045476E-02 -1.022161241E+02 
       991 -5.344213601E-03 -1.299091837E-02  3.234380142E-02  8.105401981E+01 
       992 -7.010000199E-02  1.217929919E-02  3.236842874E-02 -9.926681924E+01 
       993 -8.249903107E-02 -1.073712555E-02  3.237961972E-02  5.720590926E+01 
       994 -9.711998969E-02 -1.061570375E-02  3.240694970E-02 -1.154568437E+02 
       995 -4.368977621E-02 -1.177014027E-02  3.252108974E-02  1.204733116E+02 
       996 -2.942118346E-02 -1.219231741E-02  3.276056378E-02  1.007993526E+02 
       997 -4.368977621E-02 -1.190831996E-02  3.280558320E-02  1.194124431E+02 
       998 -4.186423712E-02 -1.188411536E-02  3.283532938E-02  1.158157201E+02 
       999 -2.485897288E-02 -1.192649091E-02  3.284289536E-02  9.475938222E+01 
      1000 -1.424683535E-02 -1.201568639E-02  3.297776699E-02  8.526027350E+01 
      1001 -3.677523017E-02 -1.148918424E-02  3.297882494E-02  1.129343535E+02 
      1002 -4.131054692E-02 -1.131913500E-02  3.304448299E-02  1.175784086E+02 
      1003 -7.662069425E-02  1.030754840E-02  3.307004325E-02 -1.395626091E+02 
      1004 -9.246949911E-02 -9.864429415E-03  3.312685235E-02  3.183266644E+01 
      1005 -6.007991413E-02 -9.655552355E-03  3.342365851E-02  1.476730410E+02 
      1006 -7.010000199E-02  1.354811168E-02  3.342691828E-02 -1.038111265E+02 
      1007 -8.391495012E-02 -9.327068188E-03  3.355213447E-02  6.826705890E+01 
      1008 -8.544919036E-02 -9.242895424E-03  3.361070687E-02  5.681427499E+01 
      1009 -1.051228850E-02 -1.084711731E-02  3.362538354E-02  8.458603321E+01 
      1010 -4.368977621E-02 -9.415083073E-03  3.370988316E-02  1.226826889E+02 
      1011 -8.202751669E-02  7.076582694E-03  3.382475963E-02 -1.907097758E+02 
      1012 -4.982343628E-02 -9.014200535E-03  3.391302565E-02  1.286193918E+02 
      1013 -5.571087776E-02 -8.982843767E-03  3.394987290E-02  1.424369494E+02 
      1014 -4.725311947E-02 -8.769782756E-03  3.416336749E-02  1.236447178E+02 
      1015 -3.549811382E-02 -9.298539131E-03  3.425506854E-02  1.119151282E+02 
      1016 -8.456940172E-02  4.777377527E-03  3.436406964E-02 -2.078830926E+02 
      1017 -5.917297203E-02 -8.537648187E-03  3.437363181E-02  1.450674568E+02 
      1018 -7.732890280E-02 -8.618192861E-03  3.440679358E-02  9.488118912E+01 
      1019 -3.206275191E-02 -8.639412863E-03  3.463505949E-02  1.072571855E+02 
      1020 -2.290134293E-02 -8.467769298E-03  3.479636290E-02  9.581187444E+01 
      1021 -1.414270149E-03 -8.352501818E-03  3.479671249E-02  8.538665220E+01 
      1022 -9.011096458E-02 -9.435239323E-04  3.480530885E-02 -2.638123094E+02 
      1023 -9.283074210E-02 -4.576907256E-03  3.481200606E-02 -2.722943237E+02 
      1024 -7.618159723E-02  8.661941451E-03  3.484081153E-02 -1.520754777E+02 
      1025 -7.494541727E-19 -8.366822749E-03  3.486390152E-02  8.371587395E+01 
      1026 -4.131054692E-02 -7.934204518E-03  3.491214919E-02  1.178433513E+02 
      1027 -6.559155173E-02 -8.013657222E-03  3.494529556E-02  1.385837290E+02 
      1028 -4.292449370E-02 -7.537675089E-03  3.523407556E-02  1.194784790E+02 
      1029 -7.153884108E-02 -7.644457791E-03  3.527711938E-02  1.200426182E+02 
      1030 -1.850944280E-02 -7.806725983E-03  3.528961531E-02  9.115102606E+01 
      1031 -7.196046275E-02  8.990258408E-03  3.539167461E-02 -1.358024251E+02 
      1032 -7.809140086E-02 -7.006775365E-03  3.556150795E-02  9.713815586E+01 
      1033 -5.292672610E-02 -7.134736308E-03  3.556361150E-02  1.328832781E+02 
      1034 -7.010000199E-02  8.968914879E-03  3.557881305E-02 -1.419803589E+02 
      1035 -4.561174283E-02 -6.889356626E-03  3.578475835E-02  1.209020936E+02 
      1036 -7.293925670E-02  8.372114626E-03  3.584655261E-02 -1.590859611E+02 
      1037 -8.073730564E-02 -6.567403765E-03  3.586554542E-02  8.550801462E+01 
      1038 -7.849596499E-02  6.713784455E-03  3.591723417E-02 -1.857372159E+02 
      1039 -9.190129979E-02 -6.458759107E-03  3.592898460E-02  3.842377629E+01 
      1040 -6.008413367E-02 -6.576850703E-03  3.595324919E-02  1.369413999E+02 
      1041 -3.876199171E-02 -6.613077634E-03  3.598349576E-02  1.134766876E+02 
      1042 -8.794807876E-02 -6.060212359E-03  3.623121980E-02  5.354239932E+01 
      1043 -6.503615078E-02 -6.240790037E-03  3.625089035E-02  1.346762649E+02 
      1044 -9.263258815E-02 -5.932783977E-03  3.633662435E-02 -1.388195889E+02 
      1045 -3.075719493E-02 -5.632549683E-03  3.645831789E-02  1.000125385E+02 
      1046 -7.166095721E-02 -5.750741424E-03  3.653966273E-02  1.138344517E+02 
      1047 -7.010000199E-02  1.032351394E-02  3.658425018E-02 -1.327392838E+02 
      1048 -9.207640226E-03 -5.252873870E-03  3.661880024E-02  8.577705114E+01 
      1049 -8.430570324E-02  2.467785387E-03  3.687512294E-02 -2.744667293E+02 
      1050 -4.411507909E-03 -4.783322486E-03  3.690481719E-02  8.371726755E+01 
      1051 -6.586795996E-02 -5.110746432E-03  3.697602150E-02  1.185032005E+02 
      1052 -2.644535854E-02 -4.747383939E-03  3.707069354E-02  9.350896222E+01 
      1053 -7.529191457E-02 -4.876469664E-03  3.712505572E-02  1.012999684E+02 
      1054 -6.971761276E-02 -4.522805733E-03  3.731366368E-02  1.105499808E+02 
      1055 -5.310566977E-02 -4.378526985E-03  3.732250295E-02  1.194502751E+02 
      1056 -3.839934760E-02 -4.363129293E-03  3.741434207E-02  1.030322204E+02 
      1057 -4.606218910E-02 -4.355451106E-03  3.741616625E-02  1.103574593E+02 
      1058 -8.714799718E-02 -6.600598434E-04  3.762352550E-02 -3.030541853E+02 
      1059 -1.666615267E-02 -3.743608672E-03  3.767428861E-02  8.346824113E+01 
      1060 -5.810168940E-02 -3.597328599E-03  3.785306134E-02  1.193695285E+02 
      1061 -8.274202282E-02 -3.314814054E-03  3.793522381E-02  6.618756148E+01 
      1062 -1.175588763E-02 -2.996374176E-03  3.801487545E-02  7.890738526E+01 
      1063 -8.581302306E-02 -3.094058135E-03  3.808242403E-02  5.266924251E+01 
      1064 -7.820342737E-02  4.652789478E-03  3.809116658E-02 -2.527424579E+02 
      1065 -5.083971240E-02 -2.576150026E-03  3.839317484E-02  1.042551150E+02 
      1066 -3.431530600E-02 -2.642052199E-03  3.840199401E-02  9.402738126E+01 
      1067 -7.010000199E-02  1.072205211E-02  3.878331346E-02 -1.600420672E+02 
      1068 -4.242790390E-02 -1.896680486E-03  3.884172960E-02  9.770336697E+01 
      1069 -8.690244788E-02 -1.798270369E-03  3.888830900E-02 -1.465069273E+02 
      1070 -7.242786729E-02  5.275216329E-03  3.894160641E-02 -2.454574618E+02 
      1071 -6.392291106E-02 -1.556455187E-03  3.896570810E-02  9.372420083E+01 
      1072 -7.494541727E-19 -4.320754343E-04  3.904299815E-02  7.398492850E+01 
      1073 -2.199388439E-03 -4.572507482E-04  3.912963390E-02  7.443207950E+01 
      1074 -7.642307701E-02 -1.078365076E-03  3.913377159E-02  6.222349896E+01 
      1075 -7.010000199E-02  1.295070399E-02  3.920201438E-02 -1.138960442E+02 
      1076 -5.966442183E-02 -9.986671995E-04  3.924488975E-02  9.283000755E+01 
      1077 -2.483036495E-02 -4.686146195E-04  3.926617166E-02  7.876199922E+01 
      1078 -7.010000199E-02  5.281126989E-03  3.926660094E-02 -2.685299969E+02 
      1079 -8.059879497E-02  2.334505146E-03  3.929000409E-02 -2.989229934E+02 
      1080 -7.961209381E-02 -3.900867661E-04  3.945363434E-02  5.274391049E+01 
      1081 -7.042183489E-02  2.483916666E-05  3.963538740E-02  5.875656022E+01 
      1082 -2.017611085E-02  3.053589935E-04  3.964051970E-02  7.346126644E+01 
      1083 -7.366510273E-02  4.202330109E-03  3.978283970E-02 -2.854481377E+02 
      1084 -3.378019521E-02  7.609363845E-04  3.987661657E-02  7.687677583E+01 
      1085 -5.097328759E-02  1.102480348E-03  4.001693814E-02  8.069890212E+01 
      1086 -4.237857701E-02  1.175920281E-03  4.007502991E-02  7.837212338E+01 
      1087 -7.326200099E-02  1.052456827E-03  4.007900667E-02  4.383528783E+01 
      1088 -1.013693186E-02  1.815632137E-03  4.018944139E-02  6.876232313E+01 
      1089 -4.535398042E-03  2.151404801E-03  4.020740636E-02  6.575288413E+01 
      1090 -6.692397909E-02  1.486013641E-03  4.027763147E-02  5.703263989E+01 
      1091 -8.045214450E-02  1.335249911E-03  4.029342966E-02 -1.520056351E+02 
      1092 -5.856990900E-02  1.938687805E-03  4.032020616E-02  6.509685133E+01 
      1093 -2.854026356E-02  2.917303185E-03  4.062519989E-02  6.827391212E+01 
      1094 -6.659064935E-02  2.512183053E-03  4.071457211E-02  6.373958748E+00 
      1095 -5.515606486E-02  3.516494431E-03  4.076241267E-02  6.397057087E+01 
      1096 -1.172721804E-02  3.785608608E-03  4.087107605E-02  6.322997333E+01 
      1097 -7.370029852E-02  3.043909243E-03  4.088918984E-02 -1.691563664E+02 
      1098 -1.848078578E-02  3.604228084E-03  4.089994793E-02  6.333998107E+01 
      1099 -4.668970332E-02  3.786793879E-03  4.090092581E-02  6.829364382E+01 
      1100 -3.785144823E-02  3.738675689E-03  4.090543115E-02  6.795214636E+01 
      1101 -6.624193423E-02  3.652972626E-03  4.095714292E-02  1.300536781E+00 
      1102 -7.010000199E-02  3.517878907E-03  4.102984902E-02 -1.744236946E+02 
      1103 -7.010000199E-02  5.765774259E-03  4.128016428E-02 -1.947650934E+02 
      1104 -6.261635624E-02  5.214751848E-03  4.130050868E-02  3.625888528E+01 
      1105 -7.494541727E-19  7.828735362E-03  4.141329109E-02  6.617762852E+01 
      1106 -6.823532027E-02  5.802938355E-03  4.141647862E-02 -2.744172197E+01 
      1107 -2.808629786E-02  7.173631828E-03  4.152556499E-02  6.363456645E+01 
      1108 -7.010000199E-02  8.117074254E-03  4.154199421E-02 -1.149994465E+02 
      1109 -2.755107885E-03  8.161523063E-03  4.155161493E-02  6.545868392E+01 
      1110 -1.991921111E-02  7.803622184E-03  4.160934182E-02  6.509135393E+01 
      1111 -3.771978325E-02  7.639493390E-03  4.163053415E-02  6.550293687E+01 
      1112 -4.662974422E-02  7.824873467E-03  4.166532042E-02  6.620553409E+01 
      1113 -5.481151491E-02  8.207570853E-03  4.172152007E-02  6.104336299E+01 
      1114 -1.088582272E-02  8.524625059E-03  4.173446287E-02  6.544935438E+01 
      1115 -2.369666701E-02  9.789060645E-03  4.175352865E-02  6.761130710E+01 
      1116 -7.010000199E-02  1.017547726E-02  4.177120847E-02 -9.004410448E+01 
      1117 -6.200154822E-02  8.858723709E-03  4.180897038E-02  4.158236004E+01 
      1118 -4.740945817E-03  1.030105378E-02  4.182625388E-02  6.822792690E+01 
      1119 -3.312586602E-02  1.045759149E-02  4.185969208E-02  6.771277265E+01 
      1120 -5.140757677E-02  1.051244254E-02  4.188152198E-02  7.098715673E+01 
      1121 -4.244876438E-02  1.062207976E-02  4.188352759E-02  7.072847398E+01 
      1122 -5.952241462E-02  1.054863872E-02  4.190612299E-02  6.121794903E+01 
      1123 -6.792385850E-02  1.002569775E-02  4.190878326E-02  3.930397160E+00 
      1124 -6.670245783E-02  1.103326979E-02  4.196190095E-02  3.455798360E+01 
      1125 -7.010000199E-02  1.265635485E-02  4.204746756E-02 -2.860066818E+01 
      1126 -6.689637716E-02  1.265635485E-02  4.204746756E-02  4.925326688E+01 
      1127 -5.966573989E-02  1.265635485E-02  4.204746756E-02  7.656222340E+01 
      1128 -5.147541440E-02  1.265635485E-02  4.204746756E-02  8.453208147E+01 
      1129 -4.247393335E-02  1.265635485E-02  4.204746756E-02  8.205427128E+01 
      1130 -3.313476079E-02  1.265635485E-02  4.204746756E-02  7.689960433E+01 
      1131 -2.370065720E-02  1.265635485E-02  4.204746756E-02  7.355005781E+01 
      1132 -1.422029180E-02  1.265635485E-02  4.204746756E-02  7.073265658E+01 
      1133 -4.734627871E-03  1.265635485E-02  4.204746756E-02  7.250105158E+01 
      1134 -7.494541727E-19  1.265635485E-02  4.204746756E-02  7.140300882E+01 
