nodenumber     x-coordinate     y-coordinate     z-coordinate         pressure 
         1 -2.802000009E-02  1.140752871E-01  6.174928980E-02  6.031609434E-01 
         2 -2.323874328E-02  1.140752871E-01  6.174928980E-02 -3.123617711E+01 
         3 -1.218645274E-02  1.140752871E-01  6.174928980E-02 -2.299826520E+01 
         4 -1.395203457E-06  1.140752871E-01  6.174928980E-02 -1.510166133E+01 
         5  1.217006440E-02  1.140752871E-01  6.174928980E-02 -1.692357083E+01 
         6  2.319989972E-02  1.140752871E-01  6.174928980E-02 -3.232511974E+01 
         7  2.802000009E-02  1.140752871E-01  6.174928980E-02 -3.919692855E+00 
         8  2.293170061E-02  1.167404559E-01  6.247692219E-02 -3.625318886E+01 
         9 -2.293147986E-02  1.167508166E-01  6.250157357E-02 -3.567745576E+01 
        10  1.236063724E-02  1.171753446E-01  6.259565355E-02 -1.803340238E+01 
        11 -1.239502968E-02  1.172230529E-01  6.263435318E-02 -2.456320659E+01 
        12  1.166817070E-02  1.184136786E-01  6.304104645E-02 -1.478381921E+01 
        13 -1.152271039E-02  1.187624661E-01  6.319437046E-02 -2.110754259E+01 
        14  2.477831014E-02  1.193601039E-01  6.332294845E-02 -4.150955106E+01 
        15 -2.481640089E-02  1.193597323E-01  6.334084933E-02 -4.115685029E+01 
        16  2.802000009E-02  1.198337293E-01  6.355796689E-02 -1.089036774E+01 
        17 -2.802000009E-02  1.198426403E-01  6.356374831E-02 -9.837889493E+00 
        18  2.934599841E-07  1.193748931E-01  6.365259779E-02 -1.454292017E+01 
        19 -2.802000009E-02  1.121126963E-01  6.371188061E-02  4.342556263E+01 
        20  2.802000009E-02  1.120997876E-01  6.372478928E-02  4.070085958E+01 
        21  3.932264827E-03  1.211126780E-01  6.423526114E-02 -1.248574233E+01 
        22 -4.629371921E-03  1.212492959E-01  6.427457302E-02 -1.697623534E+01 
        23  2.210936170E-02  1.245699041E-01  6.520775674E-02 -3.123810091E+01 
        24 -2.215024790E-02  1.246288545E-01  6.530596238E-02 -3.712992632E+01 
        25  1.626744011E-02  1.250643361E-01  6.545840848E-02 -1.998980645E+01 
        26 -1.660578915E-02  1.252205138E-01  6.560468366E-02 -2.555885986E+01 
        27  2.802000009E-02  1.184020521E-01  6.637318098E-02  2.932393728E+01 
        28 -2.802000009E-02  1.183959745E-01  6.640420499E-02  3.033380942E+01 
        29  2.802000009E-02  1.146071852E-01  6.692980666E-02  4.629711182E+01 
        30 -2.802000009E-02  1.146637891E-01  6.698642265E-02  4.909490622E+01 
        31  2.516474511E-02  1.290378197E-01  6.742367254E-02 -3.542181254E+01 
        32 -2.537968386E-02  1.290255662E-01  6.748012536E-02 -3.922896439E+01 
        33  2.802000009E-02  1.290081770E-01  6.752348803E-02 -2.777974775E+01 
        34 -2.802000009E-02  1.290169649E-01  6.753582159E-02 -3.018535147E+01 
        35  6.006621835E-03  1.291958360E-01  6.761761837E-02 -1.772132616E+01 
        36  1.351097242E-02  1.295397534E-01  6.771898166E-02 -2.123094697E+01 
        37 -2.802000009E-02  1.074530830E-01  6.837149387E-02  5.448147691E+01 
        38  2.802000009E-02  1.074515034E-01  6.837307356E-02  5.197865654E+01 
        39 -1.363213126E-02  1.303730268E-01  6.837372005E-02 -2.682257001E+01 
        40 -6.527573558E-03  1.304742192E-01  6.847973001E-02 -2.202415021E+01 
        41 -2.316175775E-02  1.324441267E-01  6.955405332E-02 -3.757407511E+01 
        42  2.258247561E-02  1.329923537E-01  6.986887550E-02 -3.468326129E+01 
        43  2.802000009E-02  1.275976414E-01  6.999665271E-02 -1.502220744E+01 
        44  1.597458272E-02  1.332503426E-01  7.003467854E-02 -2.975626380E+01 
        45 -2.802000009E-02  1.275570713E-01  7.009953773E-02 -1.627471566E+01 
        46 -1.650478494E-02  1.333720500E-01  7.024187724E-02 -3.500038042E+01 
        47  2.802000009E-02  1.215054607E-01  7.037280288E-02  7.632548606E+00 
        48  2.372429149E-03  1.334057022E-01  7.059803709E-02 -2.348573824E+01 
        49 -2.802000009E-02  1.217553027E-01  7.062214300E-02  7.535340323E+00 
        50 -3.207075550E-03  1.336561538E-01  7.076392962E-02 -2.618777915E+01 
        51 -2.802000009E-02  1.050474045E-01  7.077717241E-02  5.126033398E+01 
        52  2.802000009E-02  1.050474045E-01  7.077717241E-02  4.993754684E+01 
        53  2.802000009E-02  1.103164152E-01  7.141101351E-02  5.261656673E+01 
        54 -2.802000009E-02  1.103729057E-01  7.146556712E-02  5.473684766E+01 
        55  2.512400733E-02  1.368159169E-01  7.281753376E-02 -3.823682369E+01 
        56 -2.595001408E-02  1.368168330E-01  7.288229595E-02 -4.258384806E+01 
        57  2.795137001E-02  1.368245224E-01  7.288427202E-02 -3.764643900E+01 
        58 -2.794593103E-02  1.368443284E-01  7.290667566E-02 -4.108575461E+01 
        59  1.406702077E-02  1.369307675E-01  7.292359541E-02 -3.576248642E+01 
        60 -2.802000009E-02  1.100868557E-01  7.367848297E-02  4.616992488E+01 
        61  2.802000009E-02  1.100414536E-01  7.369672153E-02  4.493228021E+01 
        62 -1.580660247E-02  1.378525216E-01  7.376492141E-02 -4.434487631E+01 
        63 -2.802000009E-02  1.302268471E-01  7.384378753E-02 -3.178947007E+01 
        64  6.884957154E-03  1.380858310E-01  7.392174724E-02 -3.304657667E+01 
        65 -2.796472149E-02  1.359222100E-01  7.399146107E-02 -4.097698393E+01 
        66  2.802000009E-02  1.304782246E-01  7.442821223E-02 -3.035558493E+01 
        67  2.797822891E-02  1.354082008E-01  7.454879508E-02 -3.850811380E+01 
        68 -6.468621561E-03  1.390643807E-01  7.482339806E-02 -3.839901863E+01 
        69  2.321528023E-02  1.392985549E-01  7.497282118E-02 -4.120181711E+01 
        70 -2.313533982E-02  1.394248714E-01  7.514207703E-02 -4.749833432E+01 
        71 -1.344015421E-02  1.394948880E-01  7.527955571E-02 -4.747401500E+01 
        72  2.802000009E-02  1.074564425E-01  7.537317182E-02  4.073460361E+01 
        73 -2.802000009E-02  1.074518999E-01  7.537544592E-02  4.229248032E+01 
        74  1.696636065E-02  1.397986951E-01  7.545871781E-02 -4.357333292E+01 
        75  2.802000009E-02  1.193027873E-01  7.695441547E-02  9.141121574E+00 
        76 -2.802000009E-02  1.194925054E-01  7.712174834E-02  8.461063689E+00 
        77  5.935999545E-03  1.420282312E-01  7.756118536E-02 -3.960147753E+01 
        78  2.802000009E-02  1.154468580E-01  7.805630499E-02  2.418915328E+01 
        79 -2.802000009E-02  1.155949592E-01  7.827253652E-02  2.498855191E+01 
        80 -2.401349133E-02  1.429355265E-01  7.846062310E-02 -5.280416743E+01 
        81  2.526882860E-02  1.430735745E-01  7.859837277E-02 -4.713393437E+01 
        82  2.802000009E-02  1.284825462E-01  7.864933015E-02 -2.860484727E+01 
        83 -3.648312191E-03  1.431474121E-01  7.867789849E-02 -3.883319230E+01 
        84  1.596086935E-02  1.432264700E-01  7.875093838E-02 -5.339256541E+01 
        85  2.700764333E-02  1.433274429E-01  7.885169218E-02 -4.466819695E+01 
        86 -2.700129374E-02  1.433649651E-01  7.888913327E-02 -5.024682830E+01 
        87 -2.777053045E-02  1.373510056E-01  7.897831243E-02 -4.805287405E+01 
        88  2.777293692E-02  1.374509908E-01  7.904274676E-02 -4.405841566E+01 
        89 -1.523233530E-02  1.436999560E-01  7.922339935E-02 -6.172228442E+01 
        90  2.707252797E-02  1.425774302E-01  7.961107171E-02 -4.584773572E+01 
        91  1.350726116E-03  1.441521600E-01  7.968037184E-02 -3.641978872E+01 
        92 -2.802000009E-02  1.284801901E-01  7.971865583E-02 -3.229019924E+01 
        93 -2.193850696E-02  1.443972766E-01  7.991921246E-02 -6.183332716E+01 
        94  2.802000009E-02  1.230002097E-01  8.002272761E-02 -1.311021888E+01 
        95 -2.708997722E-02  1.420133865E-01  8.025681119E-02 -5.146578913E+01 
        96  1.192456366E-02  1.448692080E-01  8.039012517E-02 -5.163682174E+01 
        97  2.141865053E-02  1.456443706E-01  8.116361085E-02 -5.567356478E+01 
        98 -2.802000009E-02  1.245044381E-01  8.134456965E-02 -1.683040912E+01 
        99 -1.288875473E-02  1.464601483E-01  8.197762383E-02 -6.894207818E+01 
       100 -2.780294568E-02  1.335131386E-01  8.258110194E-02 -4.576958548E+01 
       101 -8.385632155E-03  1.471658045E-01  8.268175398E-02 -5.447361481E+01 
       102  1.187209894E-02  1.476756522E-01  8.319050196E-02 -6.209316685E+01 
       103  2.762214393E-02  1.347879174E-01  8.335968493E-02 -4.649369637E+01 
       104 -2.802000009E-02  1.133908390E-01  8.361707319E-02  9.140065039E+00 
       105  2.154654911E-02  1.481115991E-01  8.362550586E-02 -6.833463913E+01 
       106  2.802000009E-02  1.132368134E-01  8.363300033E-02  1.024132569E+01 
       107  2.776045414E-02  1.319603660E-01  8.365102878E-02 -3.877413940E+01 
       108 -2.217252446E-02  1.484049582E-01  8.391822986E-02 -7.420265306E+01 
       109  2.802000009E-02  1.104067547E-01  8.412494919E-02  8.673106821E+00 
       110 -2.802000009E-02  1.103956191E-01  8.414654013E-02  6.736940173E+00 
       111  2.401507248E-02  1.490870566E-01  8.459885443E-02 -5.745526772E+01 
       112 -2.399995033E-02  1.491312438E-01  8.464294591E-02 -6.453800883E+01 
       113  2.612171238E-03  1.491484711E-01  8.466013474E-02 -3.361641385E+01 
       114 -2.621732991E-02  1.425462833E-01  8.468973436E-02 -5.616957396E+01 
       115  2.610835615E-02  1.431067139E-01  8.475594724E-02 -4.822442306E+01 
       116 -2.754695450E-02  1.339491204E-01  8.522716711E-02 -4.907463906E+01 
       117 -2.801663064E-02  1.239569453E-01  8.546301848E-02 -2.051815819E+01 
       118  1.739558955E-02  1.501740757E-01  8.568352411E-02 -7.685792785E+01 
       119 -1.736554223E-02  1.502145459E-01  8.572390544E-02 -8.284078999E+01 
       120 -6.883062237E-03  1.503126210E-01  8.582176718E-02 -5.419575932E+01 
       121  7.400240498E-03  1.503258790E-01  8.583499815E-02 -4.716731933E+01 
       122  2.798806545E-02  1.229471163E-01  8.589773167E-02 -1.572942517E+01 
       123 -2.411987196E-02  1.474861185E-01  8.638178506E-02 -5.719945645E+01 
       124  2.412608887E-02  1.473317450E-01  8.643660653E-02 -4.760627506E+01 
       125 -2.627347514E-02  1.398274422E-01  8.709655049E-02 -5.685464615E+01 
       126 -1.409243735E-03  1.516132700E-01  8.711960421E-02 -3.559391948E+01 
       127  2.190006456E-02  1.517810259E-01  8.728700080E-02 -6.362542745E+01 
       128  2.640977529E-02  1.387189594E-01  8.749742703E-02 -4.884842249E+01 
       129  2.773504921E-02  1.292594122E-01  8.751421139E-02 -3.160658853E+01 
       130  8.180230558E-03  1.521976960E-01  8.770276785E-02 -5.062654344E+01 
       131 -1.661415191E-02  1.522466571E-01  8.775162405E-02 -8.767830553E+01 
       132  1.713681570E-02  1.525597089E-01  8.806400004E-02 -8.374627519E+01 
       133  2.802000009E-02  1.165990993E-01  8.807976822E-02  2.855872104E-01 
       134 -2.802000009E-02  1.165950670E-01  8.822291136E-02 -3.496278859E+00 
       135  2.799789060E-02  1.201538264E-01  8.844640356E-02 -5.960290806E+00 
       136 -2.801720706E-02  1.192805790E-01  8.864554296E-02 -9.889502412E+00 
       137 -2.742952942E-02  1.313738002E-01  8.898885183E-02 -4.507891681E+01 
       138 -1.114945078E-02  1.537858973E-01  8.928753612E-02 -7.748732593E+01 
       139  1.337606213E-02  1.538163393E-01  8.931791320E-02 -7.613633721E+01 
       140  1.877992070E-02  1.538165484E-01  8.931812255E-02 -6.671494148E+01 
       141 -1.874901729E-02  1.538723097E-01  8.937376313E-02 -7.354348883E+01 
       142 -2.767600654E-02  1.287183304E-01  8.949461139E-02 -3.509386802E+01 
       143  2.580104141E-02  1.382252629E-01  9.045831164E-02 -4.587206845E+01 
       144  2.744054303E-02  1.300580958E-01  9.047471902E-02 -3.460597174E+01 
       145 -1.059227603E-02  1.552867254E-01  9.078511991E-02 -6.920737605E+01 
       146  2.208979234E-02  1.474605799E-01  9.092295036E-02 -4.386599492E+01 
       147 -6.278916983E-04  1.554570347E-01  9.095505957E-02 -2.712304965E+01 
       148 -2.193680807E-02  1.477190527E-01  9.105979628E-02 -5.810364999E+01 
       149  5.964207103E-03  1.557600439E-01  9.125741342E-02 -4.010589085E+01 
       150 -2.524404368E-02  1.396649753E-01  9.143842073E-02 -5.342684077E+01 
       151  2.095682978E-02  1.491062599E-01  9.168144442E-02 -4.600023835E+01 
       152  3.625051431E-03  1.567372685E-01  9.223252554E-02 -2.797061962E+01 
       153  1.891824831E-02  1.509795925E-01  9.238411939E-02 -4.853340695E+01 
       154 -1.887799842E-02  1.510286070E-01  9.243303520E-02 -5.520357411E+01 
       155  2.614051608E-02  1.350122413E-01  9.243824015E-02 -4.156616100E+01 
       156  1.190944677E-02  1.571282743E-01  9.262268754E-02 -5.411450458E+01 
       157 -2.245805235E-02  1.449477211E-01  9.263701594E-02 -4.885074776E+01 
       158 -3.658139934E-03  1.571457327E-01  9.264010721E-02 -4.017825706E+01 
       159 -1.186243497E-02  1.571823211E-01  9.267661781E-02 -6.296640433E+01 
       160  2.802000009E-02  1.106309497E-01  9.323390525E-02  4.472354658E+00 
       161 -2.802000009E-02  1.106317283E-01  9.326193291E-02  2.886075193E-01 
       162 -2.802000009E-02  1.125234889E-01  9.347509174E-02 -2.197854790E-02 
       163  2.802000009E-02  1.127270236E-01  9.349264834E-02  4.214535331E+00 
       164 -2.589188362E-02  1.351542163E-01  9.355484549E-02 -4.846860049E+01 
       165  2.295536940E-02  1.429417382E-01  9.367678645E-02 -4.028190619E+01 
       166 -2.287069863E-02  1.431099640E-01  9.373079776E-02 -4.450528475E+01 
       167  4.102209181E-03  1.588586126E-01  9.434928381E-02 -3.384654027E+01 
       168 -4.029810408E-03  1.588799251E-01  9.437055064E-02 -3.971563615E+01 
       169  2.769081779E-02  1.226222694E-01  9.465102222E-02 -1.157769650E+01 
       170  2.736730071E-02  1.263084499E-01  9.501776690E-02 -2.406281545E+01 
       171 -2.739086279E-02  1.263104498E-01  9.506762507E-02 -3.027946588E+01 
       172  1.646362517E-02  1.511937509E-01  9.507869843E-02 -4.682223913E+01 
       173 -1.644061884E-02  1.512219309E-01  9.510091487E-02 -5.235204052E+01 
       174 -2.767220901E-02  1.219423602E-01  9.513264895E-02 -1.650670750E+01 
       175  1.200586679E-02  1.543242186E-01  9.571936269E-02 -4.387262030E+01 
       176 -1.194067210E-02  1.543570929E-01  9.575031596E-02 -4.957722602E+01 
       177  2.001359500E-02  1.464314938E-01  9.607588804E-02 -4.123730216E+01 
       178 -1.998639666E-02  1.464511132E-01  9.609546525E-02 -4.341288040E+01 
       179 -2.524998594E-02  1.341429059E-01  9.674985315E-02 -4.170719504E+01 
       180  2.794516410E-02  1.148155580E-01  9.723438650E-02  8.156250614E+00 
       181  4.134592921E-03  1.560617457E-01  9.743446369E-02 -3.581324133E+01 
       182 -4.056587158E-03  1.560675481E-01  9.743903104E-02 -4.128072900E+01 
       183  2.506859887E-02  1.344234760E-01  9.745771542E-02 -3.593654911E+01 
       184 -2.793339229E-02  1.147813330E-01  9.751282531E-02  5.244333421E+00 
       185  2.160787896E-02  1.418708532E-01  9.756755967E-02 -2.953002988E+01 
       186 -2.139389051E-02  1.420572169E-01  9.775928762E-02 -3.179514684E+01 
       187  1.653540714E-02  1.482467890E-01  9.788726056E-02 -5.489410031E+01 
       188 -1.649545602E-02  1.482527177E-01  9.789317429E-02 -5.694834720E+01 
       189  8.671304898E-03  1.540161452E-01  9.794388589E-02 -3.920537240E+01 
       190 -8.622400491E-03  1.540253230E-01  9.794916954E-02 -4.613203776E+01 
       191  2.765328238E-02  1.193241331E-01  9.832896962E-02 -1.728977783E+00 
       192 -2.619276985E-02  1.290328383E-01  9.834452105E-02 -3.313098052E+01 
       193 -2.763241124E-02  1.190998278E-01  9.846786336E-02 -5.115828898E+00 
       194  2.001359500E-02  1.436125986E-01  9.890088843E-02 -1.891652524E+01 
       195  2.920685680E-05  1.550021388E-01  9.894148981E-02 -3.611659266E+01 
       196 -1.998639666E-02  1.436041164E-01  9.894863277E-02 -2.048944549E+01 
       197  2.600363962E-02  1.290293432E-01  9.930593057E-02 -2.705623594E+01 
       198  2.288650428E-02  1.372048214E-01  9.984407850E-02 -2.620882135E+01 
       199 -2.277292689E-02  1.371331562E-01  9.995512636E-02 -2.878672096E+01 
       200 -8.629782612E-03  1.511130608E-01  1.007473354E-01 -4.285180399E+01 
       201  8.687354848E-03  1.511258559E-01  1.007601029E-01 -3.556834832E+01 
       202  2.802000009E-02  1.083460879E-01  1.015694944E-01  4.527933080E+00 
       203 -2.802000009E-02  1.083748231E-01  1.016041713E-01  5.109497855E+00 
       204  2.728695420E-02  1.202677401E-01  1.016969894E-01 -8.021780605E+00 
       205  2.910476283E-05  1.520950983E-01  1.017272499E-01 -3.128552194E+01 
       206 -2.724454808E-02  1.201649141E-01  1.018599661E-01 -9.385264612E+00 
       207 -2.537515896E-02  1.278956852E-01  1.023341842E-01 -2.598659705E+01 
       208  2.537363189E-02  1.280169261E-01  1.024496811E-01 -2.322488999E+01 
       209 -2.792506297E-02  1.105960941E-01  1.025622778E-01  7.225627736E+00 
       210  2.792758302E-02  1.106765872E-01  1.025702748E-01  7.145773527E+00 
       211 -2.145095232E-02  1.359250207E-01  1.037428392E-01 -1.685742855E+01 
       212  2.140068096E-02  1.360571603E-01  1.038602888E-01 -1.643354195E+01 
       213 -2.594691465E-02  1.245190411E-01  1.038662396E-01 -2.038974135E+01 
       214  2.590341537E-02  1.247465860E-01  1.038793776E-01 -1.931959569E+01 
       215  2.001359500E-02  1.374021224E-01  1.051248219E-01 -7.896968003E+00 
       216 -1.998639666E-02  1.373913240E-01  1.051748848E-01 -6.963706285E+00 
       217  2.770611723E-02  1.117873526E-01  1.054209322E-01 -1.184643481E-01 
       218 -2.281772094E-02  1.315147736E-01  1.056026792E-01 -1.804507378E+01 
       219  2.280452014E-02  1.315206521E-01  1.057620745E-01 -1.809934030E+01 
       220 -2.766516218E-02  1.118374126E-01  1.058517143E-01  1.029318542E+00 
       221  2.718631484E-02  1.166415775E-01  1.060146389E-01 -6.499875855E+00 
       222 -2.718117894E-02  1.163564451E-01  1.064272338E-01 -5.913674902E+00 
       223  2.757825022E-02  1.102346018E-01  1.082790780E-01 -8.919901024E+00 
       224  2.802000009E-02  1.040502907E-01  1.086534146E-01 -2.611466324E+01 
       225 -2.802000009E-02  1.040626625E-01  1.087203475E-01 -2.031520469E+01 
       226  2.476096968E-02  1.235038399E-01  1.093005246E-01 -2.329754108E+01 
       227 -2.475792607E-02  1.234818130E-01  1.093739853E-01 -2.232996387E+01 
       228  2.785035574E-02  1.054349292E-01  1.097570387E-01 -2.041010579E+01 
       229 -2.135963975E-02  1.300331925E-01  1.099734241E-01 -9.663040546E+00 
       230  2.130409744E-02  1.300944880E-01  1.100172401E-01 -1.186323861E+01 
       231  2.588791709E-02  1.187427090E-01  1.101270544E-01 -1.847693043E+01 
       232 -2.751400015E-02  1.090404440E-01  1.102752100E-01 -1.051985666E+01 
       233 -2.586859455E-02  1.186323841E-01  1.103814021E-01 -1.793417759E+01 
       234 -2.769274218E-02  1.064229659E-01  1.106101367E-01 -1.967290905E+01 
       235  2.001359500E-02  1.313208371E-01  1.112192830E-01 -1.382343641E+00 
       236 -1.998639666E-02  1.313248139E-01  1.112545393E-01  4.549210759E-01 
       237 -2.283504670E-02  1.257545423E-01  1.114979534E-01 -1.452248088E+01 
       238  2.284794513E-02  1.256831133E-01  1.115306893E-01 -1.663101248E+01 
       239  2.541958140E-02  1.167038561E-01  1.138400004E-01 -2.554071474E+01 
       240  2.625347154E-02  1.131120372E-01  1.140365618E-01 -2.339414511E+01 
       241 -2.530535283E-02  1.169050579E-01  1.140830658E-01 -2.419321862E+01 
       242 -2.802000009E-02  6.165332670E-02  1.141712502E-01  9.278189016E+01 
       243  2.802000009E-02  6.165332670E-02  1.141712502E-01  1.051407071E+02 
       244  2.802000009E-02  9.809618193E-02  1.142486823E-01 -7.062636267E+01 
       245 -2.802000009E-02  9.809923080E-02  1.143053120E-01 -6.513535089E+01 
       246  2.753772444E-02  1.048977734E-01  1.143969847E-01 -3.707768144E+01 
       247 -2.623651534E-02  1.126701195E-01  1.148646260E-01 -2.537479460E+01 
       248 -2.802000009E-02  6.393217387E-02  1.155924760E-01  8.956334414E+01 
       249  2.802000009E-02  6.397320628E-02  1.156041414E-01  9.418616809E+01 
       250  2.802000009E-02  5.985364664E-02  1.159709303E-01  1.043710553E+02 
       251 -2.802000009E-02  5.984201004E-02  1.159825669E-01  9.114879497E+01 
       252  2.134358043E-02  1.240003819E-01  1.160509352E-01 -1.281559153E+01 
       253 -2.126812596E-02  1.240645500E-01  1.161301992E-01 -1.075547103E+01 
       254  2.623098545E-02  1.107687567E-01  1.163968118E-01 -3.565299079E+01 
       255 -2.802000009E-02  6.116697567E-02  1.166520535E-01  8.958119145E+01 
       256 -2.802000009E-02  6.358851697E-02  1.166593350E-01  8.227510652E+01 
       257 -2.773923810E-02  9.989169651E-02  1.167923984E-01 -5.964207302E+01 
       258 -2.802000009E-02  5.722678808E-02  1.168001836E-01  1.184813299E+02 
       259 -2.560367485E-02  5.722678808E-02  1.168001836E-01  1.288918221E+02 
       260 -2.043746750E-02  5.722678808E-02  1.168001836E-01  1.242566059E+02 
       261 -1.536034874E-02  5.722678808E-02  1.168001836E-01  1.228302904E+02 
       262 -1.028163378E-02  5.722678808E-02  1.168001836E-01  1.213321109E+02 
       263 -5.195624529E-03  5.722678808E-02  1.168001836E-01  1.219953254E+02 
       264 -1.011593341E-04  5.722678808E-02  1.168001836E-01  1.230127751E+02 
       265  5.001354639E-03  5.722678808E-02  1.168001836E-01  1.213732702E+02 
       266  1.011092965E-02  5.722678808E-02  1.168001836E-01  1.196960705E+02 
       267  1.522679347E-02  5.722678808E-02  1.168001836E-01  1.202748740E+02 
       268  2.035085701E-02  5.722678808E-02  1.168001836E-01  1.214122440E+02 
       269  2.556700257E-02  5.722678808E-02  1.168001836E-01  1.266110050E+02 
       270  2.802000009E-02  5.722678808E-02  1.168001836E-01  1.241796766E+02 
       271 -2.752487690E-02  1.028469755E-01  1.169632553E-01 -4.368078256E+01 
       272  2.769453922E-02  1.000924495E-01  1.169963278E-01 -6.384379295E+01 
       273  2.757670013E-02  1.016846488E-01  1.171168524E-01 -5.226866095E+01 
       274  2.802000009E-02  6.284660620E-02  1.171230720E-01  9.352095539E+01 
       275  2.802000009E-02  6.136149673E-02  1.171839755E-01  1.022561073E+02 
       276  2.802000009E-02  5.790309905E-02  1.172074361E-01  1.212226706E+02 
       277 -2.802000009E-02  5.791022895E-02  1.172117295E-01  1.078152177E+02 
       278  2.001359500E-02  1.252517768E-01  1.173014861E-01  7.550404753E-01 
       279 -1.998639666E-02  1.252651253E-01  1.173273563E-01  3.047840425E+00 
       280 -2.802000009E-02  6.096339971E-02  1.173488401E-01  8.610716404E+01 
       281 -2.285443688E-02  1.196871995E-01  1.174735790E-01 -1.951904768E+01 
       282 -2.802000009E-02  5.834877143E-02  1.174758055E-01  9.951321226E+01 
       283  2.802000009E-02  5.834877143E-02  1.174758055E-01  1.128373305E+02 
       284  2.298516947E-02  1.191889024E-01  1.175175034E-01 -2.160287687E+01 
       285  2.802000009E-02  6.877601363E-02  1.179710435E-01  4.539405524E+01 
       286 -2.802000009E-02  6.873721481E-02  1.179813477E-01  5.084964071E+01 
       287  1.522482772E-02  5.746001449E-02  1.179831802E-01  1.181525400E+02 
       288 -1.535817844E-02  5.746152409E-02  1.180048837E-01  1.208761671E+02 
       289  2.802000009E-02  5.756107511E-02  1.180267276E-01  1.203583203E+02 
       290  2.802000009E-02  9.079060999E-02  1.180996548E-01 -9.701250268E+01 
       291  2.802000009E-02  5.750130198E-02  1.181058171E-01  1.218259313E+02 
       292 -2.802000009E-02  5.750591877E-02  1.181200678E-01  1.151871930E+02 
       293 -2.802000009E-02  9.078700867E-02  1.181406580E-01 -9.571436430E+01 
       294  2.546075814E-02  5.749986785E-02  1.181583452E-01  1.260254042E+02 
       295 -2.548998981E-02  5.753598257E-02  1.182503833E-01  1.278902644E+02 
       296  2.802000009E-02  5.808403472E-02  1.182780212E-01  1.147097349E+02 
       297 -1.028120731E-02  5.755255466E-02  1.184190030E-01  1.185156891E+02 
       298  1.011049338E-02  5.756333585E-02  1.184453200E-01  1.165841325E+02 
       299 -5.195555635E-03  5.756980116E-02  1.184973497E-01  1.179245658E+02 
       300  5.001254294E-03  5.757517767E-02  1.185125881E-01  1.170041567E+02 
       301 -1.011815156E-04  5.758081263E-02  1.185414177E-01  1.188335608E+02 
       302 -2.802000009E-02  6.106509505E-02  1.185708107E-01  7.489278126E+01 
       303  2.591497890E-02  5.759953895E-02  1.186540591E-01  1.259260330E+02 
       304 -2.590878992E-02  5.763107571E-02  1.186963939E-01  1.262218670E+02 
       305  2.802000009E-02  6.012390193E-02  1.188192472E-01  1.019402088E+02 
       306  2.211131297E-02  5.766006413E-02  1.189467877E-01  1.204630246E+02 
       307 -2.215213665E-02  5.766334137E-02  1.189604330E-01  1.225305264E+02 
       308  2.802000009E-02  5.997369841E-02  1.190177157E-01  1.014019007E+02 
       309 -2.802000009E-02  5.999343579E-02  1.190527051E-01  8.220101930E+01 
       310 -1.750826980E-02  5.768774285E-02  1.191876189E-01  1.206761839E+02 
       311  1.746814064E-02  5.770191572E-02  1.191880757E-01  1.175441669E+02 
       312  2.802000009E-02  5.775020041E-02  1.192896191E-01  1.155679713E+02 
       313 -2.802000009E-02  5.775791411E-02  1.193116411E-01  1.101686161E+02 
       314 -2.552917862E-02  1.104198090E-01  1.195864864E-01 -3.898279883E+01 
       315 -1.296423962E-02  5.779099534E-02  1.196437945E-01  1.168195760E+02 
       316  1.288403278E-02  5.780091979E-02  1.196525219E-01  1.144727662E+02 
       317  2.802000009E-02  7.506664769E-02  1.196628273E-01 -2.266119432E+01 
       318 -2.802000009E-02  7.501865199E-02  1.196820631E-01 -2.741808201E+01 
       319  2.802000009E-02  6.803519330E-02  1.197723273E-01  4.609724846E+01 
       320 -2.802000009E-02  6.800712795E-02  1.198221341E-01  4.433762435E+01 
       321 -7.948814860E-03  5.784176239E-02  1.198495974E-01  1.148892022E+02 
       322  7.872088370E-03  5.785059804E-02  1.198576280E-01  1.132583368E+02 
       323 -2.670638522E-03  5.785071895E-02  1.198779536E-01  1.153388270E+02 
       324  2.575623368E-03  5.785476068E-02  1.198877843E-01  1.148860156E+02 
       325  2.802000009E-02  8.273585408E-02  1.199095065E-01 -7.777725407E+01 
       326 -2.802000009E-02  8.270008529E-02  1.199421849E-01 -8.051949019E+01 
       327 -2.797573024E-02  9.144643612E-02  1.199617298E-01 -8.605653625E+01 
       328  2.802000009E-02  6.514799564E-02  1.200023251E-01  6.794492668E+01 
       329 -2.802000009E-02  6.519584308E-02  1.200312776E-01  5.734727670E+01 
       330  2.795299883E-02  9.153182306E-02  1.200707826E-01 -8.658334618E+01 
       331  2.802000009E-02  5.973058785E-02  1.201729783E-01  9.144372077E+01 
       332 -2.802000009E-02  5.974986378E-02  1.201913895E-01  8.098123305E+01 
       333 -2.643526544E-02  1.059504213E-01  1.204219406E-01 -5.033865743E+01 
       334  2.610696698E-02  5.799708258E-02  1.205374537E-01  1.195398638E+02 
       335  2.802000009E-02  5.801603810E-02  1.205539871E-01  1.071197071E+02 
       336 -2.610377733E-02  5.802632223E-02  1.205667682E-01  1.151553541E+02 
       337 -2.802000009E-02  5.802799592E-02  1.205887372E-01  1.006406463E+02 
       338  2.530705756E-02  1.104798333E-01  1.206701927E-01 -4.666205599E+01 
       339  1.801548230E-02  5.816636638E-02  1.211973928E-01  1.105605701E+02 
       340 -1.806238222E-02  5.816575229E-02  1.212855530E-01  1.134629419E+02 
       341  2.768409861E-02  9.575984879E-02  1.214757586E-01 -8.205031751E+01 
       342 -2.770800825E-02  9.588758737E-02  1.215438631E-01 -7.937775750E+01 
       343  2.181245161E-02  1.173632912E-01  1.215505098E-01 -1.771793970E+01 
       344  2.146653693E-02  5.828790214E-02  1.216483718E-01  1.125693421E+02 
       345 -2.802000009E-02  8.287188619E-02  1.217393161E-01 -7.515258544E+01 
       346 -2.144054760E-02  5.832742584E-02  1.217841804E-01  1.152366120E+02 
       347 -2.802000009E-02  7.467288526E-02  1.218681280E-01 -2.327799532E+01 
       348 -2.154330343E-02  1.177112993E-01  1.219075124E-01 -1.579490194E+01 
       349  2.802000009E-02  7.469047891E-02  1.219196240E-01 -1.542763636E+01 
       350  2.614181667E-02  1.051784596E-01  1.224973757E-01 -5.793473423E+01 
       351  2.802000009E-02  8.297927592E-02  1.225422113E-01 -7.006838294E+01 
       352  2.215483017E-02  5.858801869E-02  1.227012464E-01  1.068357569E+02 
       353  2.539686989E-02  5.859309380E-02  1.227480606E-01  1.106971598E+02 
       354 -2.213604135E-02  5.863783619E-02  1.228325649E-01  1.090407519E+02 
       355 -2.537067880E-02  5.867127972E-02  1.229494199E-01  1.089234545E+02 
       356 -1.340173103E-02  5.866125881E-02  1.230067028E-01  1.061049773E+02 
       357  1.336516283E-02  5.867185814E-02  1.230264009E-01  1.032223762E+02 
       358 -8.041309000E-03  5.866124721E-02  1.230622252E-01  1.028984615E+02 
       359  2.304993133E-02  1.134594026E-01  1.230765525E-01 -3.019778926E+01 
       360  2.802000009E-02  7.065355342E-02  1.231244871E-01  1.138587435E+01 
       361 -2.296104582E-02  1.136713573E-01  1.231674765E-01 -2.781130714E+01 
       362  7.956385529E-03  5.871526738E-02  1.232008367E-01  1.004623334E+02 
       363 -2.802000009E-02  7.085376216E-02  1.233389716E-01 -3.793770836E-01 
       364  2.610681931E-03  5.875331824E-02  1.233434708E-01  1.004267235E+02 
       365  2.001359500E-02  1.191774971E-01  1.233889263E-01  1.232590983E+00 
       366 -1.998639666E-02  1.192059673E-01  1.233996384E-01  1.729393421E+00 
       367 -2.724272484E-03  5.877142148E-02  1.234052067E-01  1.012034781E+02 
       368  2.802000009E-02  6.097376851E-02  1.236415050E-01  6.616943907E+01 
       369 -2.802000009E-02  6.098495675E-02  1.236456996E-01  5.766825583E+01 
       370  1.628862550E-02  5.886383485E-02  1.236679334E-01  1.016108646E+02 
       371 -1.623791764E-02  5.886005588E-02  1.236897145E-01  1.044752020E+02 
       372  2.802000009E-02  6.266606972E-02  1.240916079E-01  4.982095856E+01 
       373 -2.802000009E-02  6.275985122E-02  1.241223376E-01  4.007461947E+01 
       374 -2.796357132E-02  8.735565105E-02  1.241496839E-01 -8.917889118E+01 
       375  2.802000009E-02  5.915412981E-02  1.244288365E-01  8.241289769E+01 
       376  2.678060177E-02  5.914182619E-02  1.244560788E-01  1.030643732E+02 
       377 -2.802000009E-02  5.916963822E-02  1.244644067E-01  6.974231681E+01 
       378  2.794827405E-02  8.712063975E-02  1.244800850E-01 -8.613489182E+01 
       379 -2.666214382E-02  5.916145254E-02  1.244951508E-01  9.468555956E+01 
       380 -1.125197252E-02  5.912093978E-02  1.245422686E-01  9.754764431E+01 
       381  1.123741526E-02  5.914965024E-02  1.246114793E-01  9.383138434E+01 
       382 -5.357451040E-03  5.915397317E-02  1.246446067E-01  9.394464683E+01 
       383 -2.735975898E-02  9.682593763E-02  1.246743691E-01 -8.802767455E+01 
       384  5.437154405E-03  5.917263441E-02  1.246824926E-01  9.204383692E+01 
       385 -5.730643468E-05  5.918388630E-02  1.247220411E-01  9.259062079E+01 
       386  2.728826486E-02  9.673453556E-02  1.249846321E-01 -8.951765924E+01 
       387 -2.802000009E-02  7.862457277E-02  1.250664927E-01 -5.478808739E+01 
       388  2.108338629E-02  5.934271716E-02  1.251529115E-01  9.615330874E+01 
       389  1.723765816E-02  5.934839073E-02  1.252231222E-01  9.249878210E+01 
       390  2.802000009E-02  7.857931561E-02  1.253152407E-01 -4.824742084E+01 
       391 -1.723286907E-02  5.941273932E-02  1.254200258E-01  9.474113414E+01 
       392  2.802000009E-02  6.958086540E-02  1.255719920E-01  7.410608682E+00 
       393 -2.084938631E-02  5.949451775E-02  1.255797369E-01  9.888360308E+01 
       394 -2.557683599E-02  1.040163503E-01  1.256750937E-01 -6.493282271E+01 
       395 -2.802000009E-02  6.982401876E-02  1.256813078E-01 -9.652817246E+00 
       396  2.802000009E-02  6.373965835E-02  1.257572372E-01  2.877755019E+01 
       397 -2.802000009E-02  6.385895926E-02  1.259145811E-01  2.756314676E+01 
       398  2.552896815E-02  1.038121138E-01  1.260170376E-01 -6.737503060E+01 
       399 -2.620945252E-02  1.006489258E-01  1.267550314E-01 -8.200062099E+01 
       400  2.602422071E-02  1.009849376E-01  1.270427431E-01 -8.340406263E+01 
       401 -1.128910147E-02  6.007659433E-02  1.271813462E-01  8.253195740E+01 
       402  2.242285544E-02  6.022250370E-02  1.274188776E-01  8.560985911E+01 
       403  2.802000009E-02  7.827206217E-02  1.274622805E-01 -5.297970083E+01 
       404  2.491217621E-02  6.032780182E-02  1.276701979E-01  8.866014954E+01 
       405 -2.222026709E-02  6.037245684E-02  1.277553258E-01  8.702345672E+01 
       406 -2.165846500E-02  1.115013968E-01  1.278335653E-01 -2.270836591E+01 
       407 -2.802000009E-02  7.859431657E-02  1.278587632E-01 -6.299667703E+01 
       408  2.157160311E-02  1.116210389E-01  1.279498248E-01 -2.497439598E+01 
       409  5.550270222E-03  6.039719699E-02  1.279610073E-01  7.276800826E+01 
       410 -2.481160751E-02  6.051371576E-02  1.280957944E-01  8.244933991E+01 
       411 -2.775146561E-02  8.810922043E-02  1.281443032E-01 -9.462290951E+01 
       412  1.141439635E-02  6.055224139E-02  1.282586073E-01  7.442469482E+01 
       413 -5.700245771E-03  6.053848804E-02  1.282758895E-01  7.403431811E+01 
       414  2.771904716E-02  8.828725779E-02  1.283646870E-01 -9.231061607E+01 
       415  1.639706871E-02  6.064291456E-02  1.284583191E-01  7.609586260E+01 
       416  2.187997990E-05  6.076287905E-02  1.287764146E-01  7.035451569E+01 
       417  2.802000009E-02  7.074544631E-02  1.290509939E-01 -1.597268376E+01 
       418 -2.296290971E-02  1.077628627E-01  1.290782073E-01 -4.063633165E+01 
       419 -7.877398657E-03  6.091307203E-02  1.291113873E-01  6.807545370E+01 
       420 -2.802000009E-02  7.106933981E-02  1.291684204E-01 -2.493450701E+01 
       421  2.733199127E-02  9.247264799E-02  1.291898776E-01 -1.001254147E+02 
       422 -1.570937610E-02  6.101520456E-02  1.292355566E-01  7.492487134E+01 
       423 -2.741742188E-02  9.172198401E-02  1.293669140E-01 -9.994313783E+01 
       424  8.517485863E-03  6.105095833E-02  1.294195647E-01  6.058309804E+01 
       425  2.289802329E-02  1.076344237E-01  1.294402402E-01 -4.181022202E+01 
       426 -1.476862011E-02  6.111582736E-02  1.294509700E-01  6.820377119E+01 
       427 -2.802000009E-02  6.317407783E-02  1.294705105E-01 -3.042708038E+00 
       428 -1.998639666E-02  1.131392188E-01  1.294795328E-01  5.105462989E-01 
       429  2.001359500E-02  1.130907096E-01  1.294889084E-01  6.544866566E-01 
       430  2.802000009E-02  6.303226422E-02  1.294941644E-01  1.284600272E+01 
       431  1.395755113E-02  6.112407426E-02  1.295403783E-01  6.322215287E+01 
       432  2.340571692E-03  6.113878663E-02  1.296261838E-01  5.793806368E+01 
       433 -2.545695993E-03  6.125390121E-02  1.298939587E-01  5.752813485E+01 
       434  1.996347111E-02  6.131434674E-02  1.300155848E-01  7.018185700E+01 
       435  2.802000009E-02  6.154287787E-02  1.302226679E-01  4.608002578E+01 
       436  2.677905319E-02  6.150877418E-02  1.302280162E-01  7.368259236E+01 
       437 -2.802000009E-02  6.156174284E-02  1.302539909E-01  4.224087755E+01 
       438  2.802000009E-02  7.363483936E-02  1.302664634E-01 -3.869385977E+01 
       439 -2.652086809E-02  6.152405423E-02  1.302666373E-01  7.233280977E+01 
       440 -2.802000009E-02  7.520682632E-02  1.307117999E-01 -5.078771649E+01 
       441 -1.918234574E-02  6.175157865E-02  1.309418791E-01  6.599409974E+01 
       442 -2.776563981E-02  8.434582729E-02  1.311669306E-01 -8.883572976E+01 
       443  2.768692067E-02  8.542847679E-02  1.319603847E-01 -9.548498995E+01 
       444  2.788439010E-02  8.204016153E-02  1.320079997E-01 -7.973450337E+01 
       445  2.802000009E-02  6.679513163E-02  1.322779418E-01 -1.148933982E+01 
       446 -8.906253177E-03  6.254044910E-02  1.323754168E-01  4.374746084E+01 
       447 -2.802000009E-02  6.716120467E-02  1.326378155E-01 -3.088590647E+01 
       448  2.074681103E-02  6.277594996E-02  1.327260719E-01  4.960355382E+01 
       449 -1.263542695E-02  6.280937303E-02  1.328974792E-01  4.218644743E+01 
       450 -2.504572316E-02  9.912445632E-02  1.330011396E-01 -8.855724046E+01 
       451  2.494908815E-02  9.929598188E-02  1.330734571E-01 -8.875885327E+01 
       452  2.420646215E-02  6.310172131E-02  1.332980329E-01  5.093198521E+01 
       453 -2.018902522E-02  6.314308968E-02  1.334284578E-01  4.192737261E+01 
       454  2.602517182E-02  9.471308487E-02  1.336334826E-01 -9.899075816E+01 
       455 -2.620006989E-02  9.375936735E-02  1.336823862E-01 -9.897359653E+01 
       456  1.415959434E-02  6.334640742E-02  1.337466243E-01  3.325543256E+01 
       457 -2.400843801E-02  6.348744101E-02  1.339687428E-01  4.541802217E+01 
       458 -2.154855721E-02  1.055830478E-01  1.340569602E-01 -3.741028074E+01 
       459 -2.765898791E-02  8.415839051E-02  1.340740576E-01 -9.630215017E+01 
       460  2.145287948E-02  1.057017210E-01  1.341776833E-01 -3.711112031E+01 
       461  7.697942483E-03  6.363601803E-02  1.342829467E-01  2.889947961E+01 
       462  3.613426999E-03  6.362633139E-02  1.342961568E-01  2.613947653E+01 
       463 -3.191048198E-03  6.384411695E-02  1.345668264E-01  2.372169569E+01 
       464  1.777625820E-02  6.412183058E-02  1.350343317E-01  2.499883968E+01 
       465 -2.799683374E-02  7.555322392E-02  1.350375895E-01 -7.162327618E+01 
       466  2.802000009E-02  7.428383086E-02  1.350702950E-01 -5.804245141E+01 
       467 -5.903154891E-03  6.418827761E-02  1.351091196E-01  1.554952921E+01 
       468 -2.301212376E-02  1.015181924E-01  1.353497678E-01 -5.736667861E+01 
       469  2.293081082E-02  1.016461971E-01  1.354334079E-01 -5.681297008E+01 
       470 -2.802000009E-02  6.715084829E-02  1.355422281E-01 -5.335300479E+01 
       471 -1.998639666E-02  1.070526689E-01  1.355792669E-01 -7.501909675E+00 
       472  2.001359500E-02  1.069851553E-01  1.356076900E-01 -6.098514201E+00 
       473  2.802000009E-02  6.685496695E-02  1.356379151E-01 -3.215579959E+01 
       474  9.897047765E-03  6.453668077E-02  1.357562806E-01  1.004244807E+01 
       475  2.789102925E-02  7.897296808E-02  1.362499195E-01 -8.118369118E+01 
       476  6.432290595E-04  6.495209225E-02  1.364171695E-01  1.653243232E+00 
       477 -1.470933065E-02  6.532732354E-02  1.366575781E-01  8.156621451E+00 
       478  2.802000009E-02  6.534834806E-02  1.366840255E-01 -3.179978931E+00 
       479  2.620930262E-02  6.530120135E-02  1.367052435E-01  2.431416829E+01 
       480 -2.802000009E-02  6.540346979E-02  1.367527517E-01 -1.799805717E+01 
       481 -2.612876576E-02  6.534555702E-02  1.367871059E-01  1.698803213E+01 
       482 -1.637266216E-02  6.552379992E-02  1.370229062E-01  7.649334495E+00 
       483 -2.781765241E-02  7.968055299E-02  1.370379930E-01 -9.197382221E+01 
       484  2.802000009E-02  7.139395465E-02  1.375781939E-01 -5.729279716E+01 
       485  2.562258745E-02  9.221377942E-02  1.377405846E-01 -9.612892574E+01 
       486  2.651144290E-02  8.819459216E-02  1.378308729E-01 -1.003734867E+02 
       487 -2.564386548E-02  9.156825758E-02  1.378789647E-01 -9.266790186E+01 
       488 -2.799227626E-02  7.183946252E-02  1.379723067E-01 -7.295404551E+01 
       489 -2.624575172E-02  8.866525266E-02  1.384061476E-01 -9.924777703E+01 
       490  1.868453649E-02  6.662404683E-02  1.386078675E-01 -7.114300868E+00 
       491 -8.937130788E-03  6.692515814E-02  1.391427875E-01 -1.315468814E+01 
       492  2.351004005E-02  6.718545714E-02  1.393295339E-01 -7.660675812E+00 
       493  1.008886824E-02  6.726318018E-02  1.395013420E-01 -2.726971089E+01 
       494 -2.386165522E-02  6.734685680E-02  1.395884221E-01 -1.601306508E+01 
       495 -8.706157453E-03  6.736657107E-02  1.397245268E-01 -4.158761596E+01 
       496 -1.844842294E-02  6.745059503E-02  1.397439948E-01 -2.424287681E+01 
       497  2.747182005E-02  8.018204414E-02  1.400946808E-01 -9.858939140E+01 
       498 -2.152222788E-02  9.955520586E-02  1.401756310E-01 -5.084820077E+01 
       499  2.145771564E-02  9.961904239E-02  1.402438769E-01 -5.045366873E+01 
       500  1.220138200E-03  6.860338230E-02  1.410085569E-01 -3.566973739E+01 
       501  1.555684631E-02  6.851323047E-02  1.410095994E-01 -3.455378861E+01 
       502  2.642489593E-02  8.530981208E-02  1.410993852E-01 -1.023371621E+02 
       503 -2.726294425E-02  8.008103084E-02  1.415778496E-01 -1.032836734E+02 
       504  2.311287505E-02  9.491442053E-02  1.416316499E-01 -6.798367916E+01 
       505 -1.998639666E-02  1.009325708E-01  1.417126262E-01 -2.646033560E+01 
       506 -2.308061140E-02  9.493946242E-02  1.417267176E-01 -6.554957648E+01 
       507  2.001359500E-02  1.008594421E-01  1.417466662E-01 -2.258228310E+01 
       508 -1.364357905E-03  6.946481855E-02  1.420060870E-01 -5.170826654E+01 
       509  2.781444936E-02  7.198533591E-02  1.420457721E-01 -8.289054016E+01 
       510 -2.779239676E-02  7.211729285E-02  1.421769622E-01 -9.785420906E+01 
       511  5.444597457E-03  6.968966998E-02  1.423105317E-01 -4.955821378E+01 
       512 -2.600150361E-02  8.568279601E-02  1.428132001E-01 -1.002054208E+02 
       513  2.519659969E-02  7.045978439E-02  1.431952645E-01 -3.865839539E+01 
       514  2.772885617E-02  7.060875963E-02  1.432993231E-01 -6.005910297E+01 
       515 -2.629748687E-02  7.063972790E-02  1.433811094E-01 -4.697633477E+01 
       516  2.738508518E-02  7.702323362E-02  1.434114191E-01 -1.029285966E+02 
       517 -2.771007814E-02  7.073579943E-02  1.434345545E-01 -7.339697238E+01 
       518 -1.693742617E-02  7.090490662E-02  1.436762436E-01 -5.758243823E+01 
       519 -2.719949461E-02  7.753061489E-02  1.440099697E-01 -1.121254561E+02 
       520 -1.175376312E-02  7.159912833E-02  1.443722913E-01 -6.229551245E+01 
       521  1.648571764E-02  7.151813682E-02  1.444096510E-01 -6.220510815E+01 
       522 -1.398097358E-02  7.214708031E-02  1.449677723E-01 -6.981469977E+01 
       523  2.523940933E-02  8.606329368E-02  1.451913798E-01 -9.011479032E+01 
       524  2.268858129E-02  7.237393920E-02  1.452742754E-01 -6.463952615E+01 
       525 -2.309775090E-02  7.268779643E-02  1.456273032E-01 -7.236625501E+01 
       526  2.192703726E-02  9.301505031E-02  1.457797095E-01 -4.088184850E+01 
       527 -2.168630759E-02  9.327629256E-02  1.460380531E-01 -4.007085887E+01 
       528  7.072266854E-03  7.314464493E-02  1.461153527E-01 -7.405262328E+01 
       529 -2.457903859E-02  8.642326753E-02  1.464613735E-01 -7.676357602E+01 
       530  1.393292598E-02  7.366632325E-02  1.466316343E-01 -7.747584630E+01 
       531 -4.421760176E-03  7.393321423E-02  1.469240679E-01 -7.427033052E+01 
       532  2.285336573E-02  8.999483680E-02  1.470183110E-01 -4.747231253E+01 
       533 -2.274009616E-02  8.982674018E-02  1.474932697E-01 -3.988080353E+01 
       534 -1.998639666E-02  9.476511529E-02  1.478934418E-01 -4.043417041E+01 
       535  2.001359500E-02  9.472004224E-02  1.478993661E-01 -3.357221768E+01 
       536  2.634489139E-02  7.808180912E-02  1.480044997E-01 -1.177556582E+02 
       537 -3.806303902E-03  7.538491334E-02  1.483726287E-01 -7.704275281E+01 
       538 -2.623131325E-02  7.804206720E-02  1.483850919E-01 -1.194809690E+02 
       539  2.532366906E-02  8.185647897E-02  1.487349099E-01 -1.069639032E+02 
       540  4.870326105E-03  7.594596840E-02  1.489324717E-01 -7.677868015E+01 
       541  2.364848607E-02  7.597907813E-02  1.489655086E-01 -7.932221109E+01 
       542 -1.482929395E-02  7.600150888E-02  1.489878910E-01 -8.782470080E+01 
       543 -2.345362865E-02  7.611198278E-02  1.490981263E-01 -8.470738062E+01 
       544  2.618063789E-02  7.651370714E-02  1.494989813E-01 -9.901291510E+01 
       545 -2.461418454E-02  8.291885188E-02  1.495335754E-01 -9.451330527E+01 
       546  1.524685924E-02  7.666323454E-02  1.496481874E-01 -8.642064087E+01 
       547 -2.609509201E-02  7.669115106E-02  1.496760420E-01 -1.037686780E+02 
       548  6.048801529E-04  7.689945344E-02  1.498838950E-01 -7.192793039E+01 
       549  2.185467354E-02  8.887671781E-02  1.502478990E-01 -3.548415932E+01 
       550 -2.122063425E-02  7.727282845E-02  1.502564624E-01 -8.927147389E+01 
       551  2.113642323E-02  7.756009383E-02  1.505431067E-01 -8.674648710E+01 
       552  2.001359500E-02  9.190018375E-02  1.507253357E-01 -2.943823154E+01 
       553 -1.998639666E-02  9.191980311E-02  1.507449130E-01 -3.413913800E+01 
       554 -2.131733725E-02  8.929927259E-02  1.508952272E-01 -2.680773167E+01 
       555 -1.204606333E-02  7.844848135E-02  1.514295727E-01 -8.295354618E+01 
       556 -8.844654912E-03  7.882708639E-02  1.518073594E-01 -7.664562026E+01 
       557  1.288462783E-02  7.926745594E-02  1.522467784E-01 -8.155795618E+01 
       558  1.648152492E-02  9.372934559E-02  1.525505451E-01 -3.148909187E+01 
       559 -1.644333330E-02  9.374160581E-02  1.525627787E-01 -3.822542012E+01 
       560  9.214469698E-03  7.971242970E-02  1.526907901E-01 -7.536517747E+01 
       561 -1.967797031E-02  8.861422465E-02  1.534679107E-01 -3.680106545E+01 
       562  2.064306650E-02  8.762715781E-02  1.534888278E-01 -5.475704805E+01 
       563  2.252961406E-02  8.342844496E-02  1.537171981E-01 -9.085455850E+01 
       564 -2.232122853E-02  8.328459501E-02  1.541924225E-01 -8.088827357E+01 
       565 -1.979016516E-02  8.764625784E-02  1.543282523E-01 -6.043529525E+01 
       566 -2.065747356E-02  8.141049305E-02  1.543851819E-01 -7.913413419E+01 
       567  2.118283612E-02  8.142190190E-02  1.543965664E-01 -7.717700053E+01 
       568  2.597230603E-04  8.180546894E-02  1.547793042E-01 -6.098251023E+01 
       569 -7.048787932E-03  8.198686735E-02  1.549603102E-01 -6.316417485E+01 
       570  2.242227508E-02  8.201798925E-02  1.549913648E-01 -8.736689162E+01 
       571 -2.223758519E-02  8.219359601E-02  1.551665921E-01 -8.716332761E+01 
       572  7.672278442E-03  8.222723114E-02  1.552001541E-01 -6.174436678E+01 
       573 -1.631274442E-02  8.241895756E-02  1.553914659E-01 -7.024749924E+01 
       574 -8.612692502E-03  9.661075494E-02  1.554257258E-01 -1.906049092E+01 
       575  8.590172727E-03  9.662124958E-02  1.554361987E-01 -1.805341097E+01 
       576  1.650663720E-02  8.258555508E-02  1.555577041E-01 -6.814065145E+01 
       577 -3.080965885E-03  8.300241721E-02  1.559736651E-01 -5.250179027E+01 
       578  1.650456939E-02  9.002540010E-02  1.560009112E-01 -5.227821091E+01 
       579  3.614920307E-03  8.317142208E-02  1.561423040E-01 -5.206385865E+01 
       580 -1.344230912E-05  9.759587340E-02  1.564087143E-01  1.163658414E+01 
       581 -1.336475578E-02  9.243634492E-02  1.567129951E-01 -3.787220825E+01 
       582  1.280880985E-02  9.198335060E-02  1.578717550E-01 -4.874564386E+01 
       583 -1.455031286E-02  8.506256247E-02  1.580293555E-01 -5.583795732E+01 
       584  1.507796655E-02  8.518808969E-02  1.581546124E-01 -5.408268716E+01 
       585 -1.336920611E-02  9.081792016E-02  1.582343674E-01 -6.359329330E+01 
       586 -1.105582172E-02  8.531299354E-02  1.582792452E-01 -5.019821951E+01 
       587  1.122663667E-02  8.544541688E-02  1.584113826E-01 -4.881311017E+01 
       588 -1.615701958E-02  8.716458048E-02  1.590371881E-01 -7.419945239E+01 
       589  1.641866293E-02  8.642071788E-02  1.593845763E-01 -6.261547249E+01 
       590 -1.613120264E-02  8.656609925E-02  1.595296425E-01 -6.694607855E+01 
       591 -5.075065378E-03  9.380560607E-02  1.596984406E-01 -2.145551894E+01 
       592  4.461369280E-03  9.393531955E-02  1.598195034E-01 -1.952713830E+01 
       593  1.909621700E-04  9.388197905E-02  1.599091912E-01 -1.760656382E+01 
       594  3.506428440E-03  8.728298823E-02  1.602449814E-01 -2.927260910E+01 
       595 -3.103939405E-03  8.728393130E-02  1.602459231E-01 -2.866670016E+01 
       596 -7.910959583E-03  8.833605012E-02  1.612957672E-01 -3.303153149E+01 
       597  8.312491634E-03  8.839982477E-02  1.613594039E-01 -3.301501269E+01 
       598  1.745061126E-04  8.871888276E-02  1.616777720E-01 -2.144423464E+01 
       599 -8.405786803E-03  9.004217378E-02  1.617608179E-01 -5.975326412E+01 
       600  8.754611795E-03  8.977495479E-02  1.618384954E-01 -5.258144040E+01 
       601  8.752468615E-03  8.928064151E-02  1.622383169E-01 -4.591091387E+01 
       602 -8.391239867E-03  8.936304940E-02  1.623205456E-01 -5.088138706E+01 
       603  1.833454721E-04  9.029766465E-02  1.632531409E-01 -3.586636701E+01 
