nodenumber     x-coordinate     y-coordinate     z-coordinate         pressure 
         1 -2.802000009E-02 -4.212475196E-02  1.230556518E-01 -7.736931585E+01 
         2 -2.560367485E-02 -4.212475196E-02  1.230556518E-01 -6.970940663E+01 
         3 -2.043746750E-02 -4.212475196E-02  1.230556518E-01 -6.892286997E+01 
         4 -1.536034874E-02 -4.212475196E-02  1.230556518E-01 -6.705601086E+01 
         5 -1.028163378E-02 -4.212475196E-02  1.230556518E-01 -6.492009057E+01 
         6 -5.195624529E-03 -4.212475196E-02  1.230556518E-01 -6.258276986E+01 
         7 -1.011593341E-04 -4.212475196E-02  1.230556518E-01 -6.116924257E+01 
         8  5.001354639E-03 -4.212475196E-02  1.230556518E-01 -6.155982674E+01 
         9  1.011092965E-02 -4.212475196E-02  1.230556518E-01 -6.355171919E+01 
        10  1.522679347E-02 -4.212475196E-02  1.230556518E-01 -6.602747469E+01 
        11  2.035085701E-02 -4.212475196E-02  1.230556518E-01 -6.888398013E+01 
        12  2.556700257E-02 -4.212475196E-02  1.230556518E-01 -7.113479317E+01 
        13  2.802000009E-02 -4.212475196E-02  1.230556518E-01 -7.825486284E+01 
        14  2.802000009E-02 -4.193449887E-02  1.238218468E-01 -8.169660202E+01 
        15 -2.802000009E-02 -4.193249315E-02  1.238299243E-01 -7.959541629E+01 
        16  1.522482772E-02 -4.279634087E-02  1.240570727E-01 -6.665510969E+01 
        17 -1.535817844E-02 -4.281062017E-02  1.240734869E-01 -6.745556984E+01 
        18  2.802000009E-02 -4.275567290E-02  1.241593260E-01 -8.333082631E+01 
        19  2.802000009E-02 -4.285386359E-02  1.241729847E-01 -8.124502832E+01 
        20 -2.802000009E-02 -4.286067585E-02  1.241863261E-01 -7.547610010E+01 
        21  2.546075814E-02 -4.289202064E-02  1.242091136E-01 -7.110102355E+01 
        22 -2.548998981E-02 -4.293156446E-02  1.242997313E-01 -7.059251940E+01 
        23 -2.802000009E-02 -4.180912673E-02  1.243267506E-01 -7.361272673E+01 
        24  2.802000009E-02 -4.180912673E-02  1.243267506E-01 -7.903758037E+01 
        25 -2.802000009E-02 -3.969736844E-02  1.243267506E-01 -7.366036740E+01 
        26  2.802000009E-02 -3.968091179E-02  1.243267506E-01 -7.763902617E+01 
        27 -2.802000009E-02 -3.713577986E-02  1.243267506E-01 -7.394875266E+01 
        28  2.802000009E-02 -3.713577986E-02  1.243267506E-01 -7.780536576E+01 
        29 -2.802000009E-02  2.423271351E-02  1.243267506E-01 -4.698783403E+01 
        30  2.802000009E-02  2.423271351E-02  1.243267506E-01 -4.704315889E+01 
        31  2.802000009E-02  2.763262271E-02  1.243267506E-01 -4.850034525E+01 
        32 -2.802000009E-02  2.763485672E-02  1.243267506E-01 -4.783386864E+01 
        33  2.802000009E-02  3.420628938E-02  1.243267506E-01 -5.088611511E+01 
        34 -2.802000009E-02  3.422454500E-02  1.243267506E-01 -5.061766421E+01 
        35 -2.802000009E-02  3.700006753E-02  1.243267506E-01 -4.877902376E+01 
        36 -2.323874328E-02  3.700006753E-02  1.243267506E-01 -4.433769745E+01 
        37 -1.218645274E-02  3.700006753E-02  1.243267506E-01 -4.679003083E+01 
        38 -1.395203457E-06  3.700006753E-02  1.243267506E-01 -5.030922993E+01 
        39  1.217006440E-02  3.700006753E-02  1.243267506E-01 -4.574790035E+01 
        40  2.319989972E-02  3.700006753E-02  1.243267506E-01 -4.098339675E+01 
        41  2.802000009E-02  3.700006753E-02  1.243267506E-01 -4.585164164E+01 
        42 -1.028120731E-02 -4.303907833E-02  1.244306817E-01 -6.568387205E+01 
        43  1.011049338E-02 -4.305006383E-02  1.244569141E-01 -6.451213852E+01 
        44 -5.195555635E-03 -4.308228276E-02  1.244982763E-01 -6.347844667E+01 
        45  5.001254294E-03 -4.308925612E-02  1.245128532E-01 -6.256372883E+01 
        46 -1.011815156E-04 -4.310565721E-02  1.245372234E-01 -6.214831248E+01 
        47  2.591497890E-02 -4.317206520E-02  1.246301144E-01 -7.239389996E+01 
        48 -2.590878992E-02 -4.317970062E-02  1.246823495E-01 -7.149461063E+01 
        49  2.802000009E-02 -4.256357601E-02  1.247068057E-01 -8.182837642E+01 
        50  2.211131297E-02 -4.333625782E-02  1.248799025E-01 -7.060062002E+01 
        51 -2.215213665E-02 -4.334358917E-02  1.248918686E-01 -7.041149547E+01 
        52 -1.750826980E-02 -4.348697941E-02  1.250697677E-01 -6.881668090E+01 
        53  1.746814064E-02 -4.347728064E-02  1.250801124E-01 -6.841012166E+01 
        54  2.802000009E-02 -4.351494029E-02  1.251860569E-01 -7.975203207E+01 
        55 -2.802000009E-02 -4.352505777E-02  1.252070832E-01 -7.280418930E+01 
        56 -1.296423962E-02 -4.373653369E-02  1.254653431E-01 -6.788450182E+01 
        57  1.288403278E-02 -4.373568726E-02  1.254785319E-01 -6.701897396E+01 
        58 -7.948814860E-03 -4.384616063E-02  1.256467655E-01 -6.586231369E+01 
        59  7.872088370E-03 -4.384559135E-02  1.256586917E-01 -6.484119888E+01 
        60 -2.670638522E-03 -4.385987824E-02  1.256731496E-01 -6.397545135E+01 
        61  2.575623368E-03 -4.386397165E-02  1.256829589E-01 -6.349004644E+01 
        62 -2.802000009E-02 -3.923387477E-02  1.257370413E-01 -7.434096303E+01 
        63 -2.802000009E-02 -3.987052726E-02  1.260857939E-01 -7.392587555E+01 
        64  2.610696698E-02 -4.422272051E-02  1.262429813E-01 -7.355493237E+01 
        65  2.802000009E-02 -3.947245330E-02  1.262507142E-01 -7.795329874E+01 
        66  2.802000009E-02 -4.422100782E-02  1.262680757E-01 -7.733982413E+01 
        67 -2.610377733E-02 -4.422277342E-02  1.262843853E-01 -7.225585575E+01 
        68 -2.802000009E-02 -4.423712442E-02  1.263011032E-01 -7.344071938E+01 
        69  2.802000009E-02 -4.150387668E-02  1.265319142E-01 -7.799464252E+01 
        70  2.802000009E-02 -4.175042502E-02  1.265660427E-01 -7.887665298E+01 
        71 -2.802000009E-02 -4.176120981E-02  1.266047404E-01 -7.353433535E+01 
        72  2.293170061E-02  3.837011267E-02  1.267258234E-01 -3.944968671E+01 
        73 -2.293147986E-02  3.836000760E-02  1.267505806E-01 -4.381877281E+01 
        74  1.801548230E-02 -4.456966619E-02  1.268293304E-01 -7.134389505E+01 
        75 -1.806238222E-02 -4.463243913E-02  1.268912349E-01 -7.124861785E+01 
        76 -2.802000009E-02 -3.652934996E-02  1.269430973E-01 -7.463963650E+01 
        77  2.802000009E-02 -3.650858436E-02  1.269803603E-01 -7.854589153E+01 
        78 -2.802000009E-02 -4.066268146E-02  1.270217671E-01 -7.396021235E+01 
        79  1.236063724E-02  3.859366967E-02  1.271172919E-01 -4.454328287E+01 
        80 -1.239502968E-02  3.860003978E-02  1.271783915E-01 -4.669272171E+01 
        81  2.802000009E-02 -4.273922415E-02  1.272110316E-01 -8.018352738E+01 
        82  2.146653693E-02 -4.480261778E-02  1.272341595E-01 -7.229194276E+01 
        83 -2.802000009E-02 -4.273861271E-02  1.272376804E-01 -7.364626109E+01 
        84  2.802000009E-02 -3.837925700E-02  1.272577798E-01 -7.841651403E+01 
        85 -2.144054760E-02 -4.487070144E-02  1.273581381E-01 -7.193025612E+01 
        86 -2.802000009E-02 -3.752673530E-02  1.274544784E-01 -7.482264122E+01 
        87  2.215483017E-02 -4.533489810E-02  1.281908687E-01 -7.389378652E+01 
        88  2.539686989E-02 -4.536441210E-02  1.282275600E-01 -7.429799195E+01 
        89  1.166817070E-02  3.915436371E-02  1.283078666E-01 -4.864529320E+01 
        90 -2.213604135E-02 -4.539252795E-02  1.283189512E-01 -7.285771345E+01 
        91  2.802000009E-02  3.371299767E-02  1.283660380E-01 -5.384681609E+01 
        92 -2.537067880E-02 -4.545150880E-02  1.284252283E-01 -7.285415688E+01 
        93 -2.802000009E-02  3.371298916E-02  1.284460966E-01 -5.223868568E+01 
        94 -1.340173103E-02 -4.549909976E-02  1.284586476E-01 -7.094631766E+01 
        95  1.336516283E-02 -4.550553357E-02  1.284800711E-01 -7.070698011E+01 
        96 -8.041309000E-03 -4.553836826E-02  1.284978997E-01 -6.930604385E+01 
        97  2.802000009E-02  2.751027336E-02  1.285006972E-01 -5.110944265E+01 
        98 -2.802000009E-02  2.751164294E-02  1.285792172E-01 -5.015685556E+01 
        99  7.956385529E-03 -4.559818332E-02  1.286341108E-01 -6.885345689E+01 
       100 -1.152271039E-02  3.929257722E-02  1.286629130E-01 -4.977512076E+01 
       101  2.610681931E-03 -4.567213491E-02  1.287618744E-01 -6.753399790E+01 
       102 -2.724272484E-03 -4.570298783E-02  1.288183292E-01 -6.783553310E+01 
       103  1.628862550E-02 -4.582341753E-02  1.290694511E-01 -7.238972941E+01 
       104 -1.623791764E-02 -4.584149126E-02  1.290821806E-01 -7.220113682E+01 
       105  2.477831014E-02  3.962425259E-02  1.291764251E-01 -3.990543427E+01 
       106 -2.481640089E-02  3.961133201E-02  1.291888202E-01 -4.570897694E+01 
       107 -2.802000009E-02  2.268147814E-02  1.292784560E-01 -5.244389016E+01 
       108  2.802000009E-02  2.268629826E-02  1.292800601E-01 -5.258290387E+01 
       109  2.934599841E-07  3.940161286E-02  1.294199799E-01 -5.205960581E+01 
       110  2.802000009E-02  3.979297321E-02  1.296775120E-01 -4.925468109E+01 
       111 -2.802000009E-02  3.979518615E-02  1.296879011E-01 -5.211772233E+01 
       112  2.802000009E-02 -4.615618776E-02  1.298127604E-01 -7.774133514E+01 
       113  2.678060177E-02 -4.618415089E-02  1.298233236E-01 -7.491313172E+01 
       114 -2.802000009E-02 -4.617037356E-02  1.298488784E-01 -7.321148456E+01 
       115 -2.666214382E-02 -4.619790110E-02  1.298648296E-01 -7.297038330E+01 
       116 -1.125197252E-02 -4.625986521E-02  1.298695001E-01 -7.130363842E+01 
       117  2.802000009E-02  2.569960650E-02  1.299225096E-01 -5.378304871E+01 
       118  1.123741526E-02 -4.628850323E-02  1.299387408E-01 -7.129938596E+01 
       119 -2.802000009E-02  2.574460726E-02  1.299417171E-01 -5.315597578E+01 
       120 -5.357451040E-03 -4.630887106E-02  1.299652222E-01 -6.970358098E+01 
       121  5.437154405E-03 -4.632246494E-02  1.300052070E-01 -6.943106715E+01 
       122 -5.730643468E-05 -4.634247369E-02  1.300411284E-01 -6.891045214E+01 
       123  2.108338629E-02 -4.653483469E-02  1.304581101E-01 -7.455171956E+01 
       124  1.723765816E-02 -4.658046932E-02  1.305117684E-01 -7.408721014E+01 
       125  2.802000009E-02 -4.431278144E-02  1.305427118E-01 -7.995765144E+01 
       126 -2.802000009E-02 -4.430783618E-02  1.305535891E-01 -7.368942346E+01 
       127  2.802000009E-02  3.678996758E-02  1.306558203E-01 -5.847308130E+01 
       128 -2.802000009E-02  3.676373275E-02  1.306734600E-01 -5.749195433E+01 
       129 -1.723286907E-02 -4.667419987E-02  1.306965016E-01 -7.339798262E+01 
       130 -2.084938631E-02 -4.672930662E-02  1.308672605E-01 -7.347738918E+01 
       131  2.802000009E-02 -3.878786833E-02  1.309210473E-01 -7.891125521E+01 
       132 -2.802000009E-02 -3.877450759E-02  1.309753531E-01 -7.494400421E+01 
       133  3.932264827E-03  4.021840713E-02  1.310607846E-01 -5.278967800E+01 
       134 -4.629371921E-03  4.028721287E-02  1.311851857E-01 -5.248725307E+01 
       135 -2.802000009E-02 -3.482086029E-02  1.320299617E-01 -7.570132672E+01 
       136  2.802000009E-02 -3.478613920E-02  1.320501104E-01 -7.973242871E+01 
       137  2.802000009E-02 -4.343441460E-02  1.320576203E-01 -7.853242956E+01 
       138 -2.802000009E-02 -4.338983025E-02  1.321456630E-01 -7.326864157E+01 
       139 -1.128910147E-02 -4.745022512E-02  1.324113596E-01 -7.279764847E+01 
       140  2.242285544E-02 -4.751501166E-02  1.326824932E-01 -7.535048102E+01 
       141  2.802000009E-02 -3.658367828E-02  1.327999714E-01 -7.940172659E+01 
       142 -2.802000009E-02 -3.663874220E-02  1.328153449E-01 -7.547238856E+01 
       143  2.491217621E-02 -4.761826490E-02  1.329346604E-01 -7.537248540E+01 
       144 -2.222026709E-02 -4.764688357E-02  1.330264308E-01 -7.369671717E+01 
       145  5.550270222E-03 -4.777482844E-02  1.331893636E-01 -7.161912702E+01 
       146 -2.481160751E-02 -4.778774607E-02  1.333670636E-01 -7.310439623E+01 
       147  1.141439635E-02 -4.787563043E-02  1.335094314E-01 -7.317240289E+01 
       148 -5.700245771E-03 -4.789757593E-02  1.335119268E-01 -7.164192933E+01 
       149  1.639706871E-02 -4.795273244E-02  1.337147647E-01 -7.477378178E+01 
       150  2.802000009E-02 -4.385305056E-02  1.339945399E-01 -7.810715066E+01 
       151  2.187997990E-05 -4.809283219E-02  1.340245198E-01 -7.110919506E+01 
       152 -2.802000009E-02 -4.387995104E-02  1.341901573E-01 -7.358422858E+01 
       153  2.210936170E-02  4.197537694E-02  1.341930709E-01 -4.450525143E+01 
       154 -2.215024790E-02  4.194761931E-02  1.343041970E-01 -5.212253406E+01 
       155 -7.877398657E-03 -4.822349117E-02  1.343675838E-01 -7.270884252E+01 
       156 -1.570937610E-02 -4.823907355E-02  1.345276033E-01 -7.402141384E+01 
       157  8.517485863E-03 -4.834390522E-02  1.346829985E-01 -7.290185159E+01 
       158  1.626744011E-02  4.214775560E-02  1.347199246E-01 -4.784730404E+01 
       159 -1.476862011E-02 -4.832024278E-02  1.347510747E-01 -7.391094432E+01 
       160  1.395755113E-02 -4.837763250E-02  1.348201273E-01 -7.447378645E+01 
       161  2.340571692E-03 -4.842790296E-02  1.348912042E-01 -7.190404854E+01 
       162 -1.660578915E-02  4.215475778E-02  1.349337912E-01 -5.297605053E+01 
       163 -2.545695993E-03 -4.853585014E-02  1.351619480E-01 -7.204820762E+01 
       164  1.996347111E-02 -4.857911133E-02  1.352906921E-01 -7.552873573E+01 
       165  2.677905319E-02 -4.859184202E-02  1.355783847E-01 -7.501921681E+01 
       166  2.802000009E-02 -4.856394528E-02  1.355987178E-01 -7.522794513E+01 
       167 -2.652086809E-02 -4.860834664E-02  1.356164985E-01 -7.236505759E+01 
       168 -2.802000009E-02 -4.857275440E-02  1.356342061E-01 -7.221833743E+01 
       169  2.802000009E-02  3.615624912E-02  1.356784214E-01 -6.662377325E+01 
       170 -2.802000009E-02  3.615660398E-02  1.360313964E-01 -6.691359584E+01 
       171  2.802000009E-02 -4.699566030E-02  1.361367432E-01 -7.623868414E+01 
       172 -2.802000009E-02 -4.687865710E-02  1.362202948E-01 -7.279133038E+01 
       173 -1.918234574E-02 -4.892493063E-02  1.362548507E-01 -7.423141014E+01 
       174  2.802000009E-02  2.643911360E-02  1.368273987E-01 -6.456081867E+01 
       175  2.802000009E-02 -3.710255304E-02  1.370217665E-01 -7.943026485E+01 
       176 -2.802000009E-02  2.639093819E-02  1.370850209E-01 -6.317200214E+01 
       177 -2.802000009E-02 -3.711264750E-02  1.373149989E-01 -7.526973901E+01 
       178  2.802000009E-02  1.858404290E-02  1.375546870E-01 -7.700394061E+01 
       179 -2.802000009E-02  1.856090177E-02  1.375620801E-01 -7.342682638E+01 
       180 -2.802000009E-02 -3.158180084E-02  1.376741959E-01 -7.585637621E+01 
       181  2.802000009E-02 -3.153426099E-02  1.376945322E-01 -8.029597584E+01 
       182 -8.906253177E-03 -4.938077924E-02  1.378263305E-01 -7.377623446E+01 
       183  2.802000009E-02 -3.959170531E-02  1.379939088E-01 -7.819596096E+01 
       184  2.074681103E-02 -4.946220558E-02  1.382408054E-01 -7.558704081E+01 
       185 -2.802000009E-02 -3.949706788E-02  1.382431422E-01 -7.418910128E+01 
       186 -1.263542695E-02 -4.955977512E-02  1.383856423E-01 -7.444376714E+01 
       187  2.802000009E-02  2.994482090E-02  1.387747989E-01 -6.950226867E+01 
       188  2.420646215E-02 -4.963628791E-02  1.388755980E-01 -7.479598827E+01 
       189  2.516474511E-02  4.356778129E-02  1.389192534E-01 -4.954156253E+01 
       190 -2.537968386E-02  4.351919860E-02  1.389505071E-01 -6.212372928E+01 
       191  2.802000009E-02  4.347624048E-02  1.389688730E-01 -6.250448700E+01 
       192 -2.802000009E-02 -3.337207615E-02  1.389754832E-01 -7.558674415E+01 
       193 -2.802000009E-02  4.347373337E-02  1.389838082E-01 -7.202574322E+01 
       194 -2.018902522E-02 -4.969926042E-02  1.389970742E-01 -7.419442978E+01 
       195  2.802000009E-02 -3.339604878E-02  1.390243370E-01 -7.978141312E+01 
       196 -2.802000009E-02  2.996064963E-02  1.390272721E-01 -6.897819595E+01 
       197  6.006621835E-03  4.354237526E-02  1.391681282E-01 -5.519549009E+01 
       198  2.802000009E-02  2.093305695E-02  1.392079803E-01 -7.468946420E+01 
       199 -2.802000009E-02  2.105323169E-02  1.393056306E-01 -7.178820085E+01 
       200  1.415959434E-02 -4.978047076E-02  1.393658193E-01 -7.501821041E+01 
       201  1.351097242E-02  4.371388692E-02  1.394829892E-01 -5.275754200E+01 
       202 -2.400843801E-02 -4.983780647E-02  1.396226066E-01 -7.261973372E+01 
       203  2.802000009E-02  4.073004969E-02  1.397202653E-01 -7.496652861E+01 
       204 -2.802000009E-02  4.062861161E-02  1.397643286E-01 -7.917906472E+01 
       205  7.697942483E-03 -4.995492233E-02  1.399498421E-01 -7.352194806E+01 
       206  3.613426999E-03 -4.997111281E-02  1.399523336E-01 -7.298602208E+01 
       207 -3.191048198E-03 -5.000850747E-02  1.402977235E-01 -7.320841673E+01 
       208 -1.363213126E-02  4.384013027E-02  1.405351725E-01 -5.884772966E+01 
       209 -6.527573558E-03  4.383672371E-02  1.406816866E-01 -5.803176217E+01 
       210  2.802000009E-02 -4.630333910E-02  1.407659202E-01 -7.500911939E+01 
       211  1.777625820E-02 -5.014271040E-02  1.408246728E-01 -7.536304460E+01 
       212 -5.903154891E-03 -5.014860833E-02  1.409245411E-01 -7.388020797E+01 
       213  2.802000009E-02 -4.122824809E-02  1.412774177E-01 -7.743281998E+01 
       214 -2.802000009E-02 -4.629895555E-02  1.412792421E-01 -7.257173241E+01 
       215 -2.802000009E-02 -4.108225385E-02  1.415894781E-01 -7.402854123E+01 
       216  9.897047765E-03 -5.035986199E-02  1.416285112E-01 -7.433424819E+01 
       217  6.432290595E-04 -5.053344074E-02  1.423895705E-01 -7.337318111E+01 
       218 -1.470933065E-02 -5.043810671E-02  1.428248937E-01 -7.507813703E+01 
       219 -2.316175775E-02  4.446999733E-02  1.428342828E-01 -6.952019447E+01 
       220  2.620930262E-02 -5.049028242E-02  1.428401270E-01 -7.472068353E+01 
       221  2.802000009E-02 -5.044194126E-02  1.428584614E-01 -7.388077199E+01 
       222 -2.612876576E-02 -5.051680368E-02  1.429293767E-01 -7.403749546E+01 
       223 -2.802000009E-02 -5.045156109E-02  1.429460351E-01 -7.302447626E+01 
       224  2.802000009E-02 -4.863688908E-02  1.431840900E-01 -7.424112781E+01 
       225 -1.637266216E-02 -5.055750293E-02  1.432221494E-01 -7.478963587E+01 
       226 -2.802000009E-02 -2.633414120E-02  1.432897234E-01 -7.500609007E+01 
       227  2.802000009E-02 -2.628574168E-02  1.432919086E-01 -8.009030392E+01 
       228 -2.802000009E-02 -4.836000843E-02  1.433256488E-01 -7.261009481E+01 
       229  2.258247561E-02  4.463503951E-02  1.434445508E-01 -5.458926997E+01 
       230  2.802000009E-02  3.038966904E-02  1.435588957E-01 -7.644272945E+01 
       231  1.597458272E-02  4.470022475E-02  1.437442170E-01 -5.460587316E+01 
       232 -1.650478494E-02  4.463977325E-02  1.439767887E-01 -6.535362970E+01 
       233 -2.802000009E-02 -3.283939649E-02  1.440313336E-01 -7.463964613E+01 
       234  2.802000009E-02  1.230156809E-02  1.441542214E-01 -9.695399279E+01 
       235 -2.802000009E-02  1.228230014E-02  1.441745905E-01 -8.814819850E+01 
       236  2.802000009E-02 -3.304728955E-02  1.441752234E-01 -7.897886472E+01 
       237  2.802000009E-02 -4.004460538E-02  1.441799939E-01 -7.748683160E+01 
       238  2.372429149E-03  4.441172594E-02  1.442524275E-01 -5.848281958E+01 
       239 -2.802000009E-02  3.986884379E-02  1.442997296E-01 -8.786951216E+01 
       240 -3.207075550E-03  4.447151823E-02  1.445468272E-01 -6.117056619E+01 
       241 -2.802000009E-02 -2.748342325E-02  1.446819686E-01 -7.428209110E+01 
       242  2.802000009E-02  2.016621240E-02  1.447298152E-01 -8.440075366E+01 
       243 -2.802000009E-02  2.006214363E-02  1.448281814E-01 -7.950076304E+01 
       244  2.802000009E-02  3.963334382E-02  1.448907310E-01 -8.128765687E+01 
       245  1.868453649E-02 -5.090024772E-02  1.451208783E-01 -7.506427369E+01 
       246  2.802000009E-02 -2.797521992E-02  1.453256373E-01 -7.911844498E+01 
       247  2.802000009E-02 -3.478273692E-02  1.454761488E-01 -7.775829281E+01 
       248 -2.802000009E-02  3.051863566E-02  1.455572293E-01 -7.735268331E+01 
       249 -2.802000009E-02 -3.924794323E-02  1.456064570E-01 -7.403324518E+01 
       250 -2.802000009E-02  1.346925083E-02  1.456629933E-01 -8.453642450E+01 
       251 -8.937130788E-03 -5.106557547E-02  1.457120418E-01 -7.477604566E+01 
       252  2.802000009E-02  1.360075716E-02  1.458193284E-01 -9.231869065E+01 
       253 -2.802000009E-02 -3.483522430E-02  1.459843727E-01 -7.358617922E+01 
       254  2.351004005E-02 -5.101356588E-02  1.460281506E-01 -7.514403816E+01 
       255  1.008886824E-02 -5.108009408E-02  1.462045957E-01 -7.435752639E+01 
       256 -2.386165522E-02 -5.108250072E-02  1.463253390E-01 -7.564391399E+01 
       257 -8.706157453E-03 -5.116480116E-02  1.464355196E-01 -7.465342095E+01 
       258  2.802000009E-02  3.523740502E-02  1.464643544E-01 -7.964847046E+01 
       259 -1.844842294E-02 -5.111915322E-02  1.465086995E-01 -7.464679621E+01 
       260 -2.801720706E-02  2.166224173E-02  1.470259708E-01 -7.856804250E+01 
       261 -2.802000009E-02  3.447961157E-02  1.472188158E-01 -8.356929273E+01 
       262  2.799789060E-02  2.242053370E-02  1.475026372E-01 -8.264067012E+01 
       263  2.798806545E-02  2.619787110E-02  1.476756082E-01 -7.948926759E+01 
       264  2.802000009E-02 -1.931041075E-02  1.477077227E-01 -8.094804326E+01 
       265 -2.802000009E-02 -1.934195090E-02  1.477341698E-01 -7.504363288E+01 
       266  2.802000009E-02 -4.679932436E-02  1.477656233E-01 -7.503008724E+01 
       267  2.802000009E-02 -4.298252097E-02  1.480357220E-01 -7.655468974E+01 
       268 -2.801663064E-02  2.721931667E-02  1.480822765E-01 -7.861384453E+01 
       269  1.555684631E-02 -5.126267406E-02  1.481550138E-01 -7.479750868E+01 
       270  1.220138200E-03 -5.119818996E-02  1.482180236E-01 -7.366837974E+01 
       271  2.512400733E-02  4.525369071E-02  1.482332345E-01 -6.166384371E+01 
       272 -2.595001408E-02  4.520854468E-02  1.482796761E-01 -7.563378504E+01 
       273  2.795137001E-02  4.521258465E-02  1.482865106E-01 -7.630056686E+01 
       274 -2.794593103E-02  4.521074785E-02  1.483163574E-01 -8.777398696E+01 
       275 -2.799227626E-02 -4.676298257E-02  1.483593248E-01 -7.380621642E+01 
       276  1.406702077E-02  4.525990542E-02  1.483894431E-01 -5.767611956E+01 
       277 -2.796472149E-02  4.379165257E-02  1.484313803E-01 -9.572266087E+01 
       278  2.802000009E-02  4.791775224E-03  1.484327317E-01 -1.009853357E+02 
       279  2.797822891E-02  4.303409845E-02  1.484620155E-01 -8.755288215E+01 
       280 -2.802000009E-02  4.787573800E-03  1.484775709E-01 -8.920319064E+01 
       281 -2.799683374E-02 -4.206179829E-02  1.489101922E-01 -7.366027724E+01 
       282 -2.797573024E-02 -2.016335752E-02  1.494881477E-01 -7.409125698E+01 
       283 -1.364357905E-03 -5.129442284E-02  1.495325113E-01 -7.396288940E+01 
       284 -2.796357132E-02 -2.601731011E-02  1.495568566E-01 -7.336350814E+01 
       285  2.794827405E-02 -2.641711705E-02  1.496243073E-01 -7.848303044E+01 
       286  2.795299883E-02 -2.018009179E-02  1.496256374E-01 -7.988106627E+01 
       287 -1.580660247E-02  4.531677670E-02  1.496361290E-01 -6.945450626E+01 
       288  5.444597457E-03 -5.135070376E-02  1.499067802E-01 -7.377404138E+01 
       289  6.884957154E-03  4.537085874E-02  1.499119962E-01 -5.909639527E+01 
       290  2.794516410E-02  1.243176562E-02  1.499419537E-01 -9.388855920E+01 
       291 -2.793339229E-02  1.221067889E-02  1.501146389E-01 -8.477730610E+01 
       292  2.802000009E-02 -1.142154252E-02  1.501504934E-01 -8.563178977E+01 
       293 -2.802000009E-02 -1.145942989E-02  1.501926925E-01 -7.809190018E+01 
       294  2.802000009E-02 -3.254900117E-03  1.504042325E-01 -9.437996482E+01 
       295 -2.802000009E-02 -3.293480673E-03  1.504603093E-01 -8.384072198E+01 
       296 -2.792506297E-02  5.680765959E-03  1.507257303E-01 -8.507531548E+01 
       297  2.792758302E-02  5.732028489E-03  1.507883022E-01 -9.580418591E+01 
       298  2.519659969E-02 -5.143175122E-02  1.510769339E-01 -7.682366987E+01 
       299 -6.468621561E-03  4.542523442E-02  1.512414987E-01 -6.490906629E+01 
       300  2.772885617E-02 -5.139999038E-02  1.512558559E-01 -7.583060328E+01 
       301 -2.629748687E-02 -5.143592415E-02  1.513355854E-01 -7.788772736E+01 
       302  2.781444936E-02 -4.954020954E-02  1.513428479E-01 -7.473005848E+01 
       303  2.788439010E-02 -3.533259720E-02  1.513549063E-01 -7.631590892E+01 
       304 -2.771007814E-02 -5.140578270E-02  1.514413096E-01 -7.642897204E+01 
       305  2.321528023E-02  4.548516252E-02  1.515127430E-01 -6.609803537E+01 
       306 -2.779239676E-02 -4.953966726E-02  1.515289209E-01 -7.368432108E+01 
       307 -2.313533982E-02  4.545479984E-02  1.517217443E-01 -7.582177517E+01 
       308 -1.693742617E-02 -5.145710589E-02  1.517317865E-01 -7.508605502E+01 
       309 -1.344015421E-02  4.540709691E-02  1.518684656E-01 -6.811326081E+01 
       310  2.785035574E-02 -3.056192989E-03  1.521636998E-01 -9.010166483E+01 
       311  2.789102925E-02 -4.050092074E-02  1.521855633E-01 -7.596440645E+01 
       312  1.696636065E-02  4.549523422E-02  1.522099763E-01 -6.143064258E+01 
       313 -2.776563981E-02 -3.310751965E-02  1.523905325E-01 -7.222474041E+01 
       314  2.776045414E-02  3.415985993E-02  1.524602793E-01 -8.213396339E+01 
       315  1.648571764E-02 -5.154208396E-02  1.526840030E-01 -7.484538552E+01 
       316 -1.175376312E-02 -5.145839705E-02  1.527148554E-01 -7.516582738E+01 
       317 -2.780294568E-02  3.601438850E-02  1.528017029E-01 -8.782637320E+01 
       318 -2.775146561E-02 -2.830907854E-02  1.529143330E-01 -7.216358966E+01 
       319 -2.777053045E-02  4.127572720E-02  1.529679278E-01 -9.653323761E+01 
       320  2.777293692E-02  4.130086543E-02  1.530841899E-01 -8.900112329E+01 
       321  2.771904716E-02 -2.833902195E-02  1.531960593E-01 -7.679365480E+01 
       322 -2.773923810E-02 -1.195060094E-02  1.532187929E-01 -7.614642419E+01 
       323 -2.781765241E-02 -4.055783479E-02  1.532431535E-01 -7.271708911E+01 
       324  2.773504921E-02  2.951831456E-02  1.532820992E-01 -8.195022042E+01 
       325 -2.769274218E-02 -2.960776858E-03  1.534655787E-01 -8.030221156E+01 
       326 -2.767220901E-02  1.895732865E-02  1.534952110E-01 -8.137095811E+01 
       327  2.769453922E-02 -1.195284697E-02  1.535049465E-01 -8.315057148E+01 
       328 -1.398097358E-02 -5.149200513E-02  1.535233846E-01 -7.541183273E+01 
       329  2.770611723E-02  4.501739027E-03  1.535894512E-01 -9.225914971E+01 
       330  2.768409861E-02 -1.818389423E-02  1.536087711E-01 -7.989094198E+01 
       331  2.769081779E-02  1.977865854E-02  1.536354179E-01 -8.618125688E+01 
       332  2.768692067E-02 -3.290302766E-02  1.537171381E-01 -7.567798392E+01 
       333 -2.770800825E-02 -1.814172653E-02  1.537472531E-01 -7.392189150E+01 
       334 -2.763241124E-02  1.458900197E-02  1.538435898E-01 -8.184598403E+01 
       335  2.268858129E-02 -5.154832207E-02  1.539005284E-01 -7.733486242E+01 
       336  2.765328238E-02  1.484582248E-02  1.539039849E-01 -8.870444549E+01 
       337 -2.766516218E-02  4.232527860E-03  1.539294578E-01 -8.198246818E+01 
       338  2.762214393E-02  3.636525195E-02  1.542536489E-01 -8.381632837E+01 
       339 -2.767600654E-02  2.773535771E-02  1.542998509E-01 -8.197347109E+01 
       340 -2.765898791E-02 -3.529570667E-02  1.543136439E-01 -7.173804539E+01 
       341 -2.309775090E-02 -5.157601983E-02  1.543720874E-01 -7.797259715E+01 
       342  2.757825022E-02  1.382764176E-03  1.545125048E-01 -9.091470889E+01 
       343  2.757670013E-02 -1.091221583E-02  1.547160252E-01 -8.306450361E+01 
       344 -2.754695450E-02  3.445162354E-02  1.549810392E-01 -8.604726258E+01 
       345  7.072266854E-03 -5.159808232E-02  1.550402312E-01 -7.425357350E+01 
       346  2.753772444E-02 -6.716956695E-03  1.550648105E-01 -8.531778055E+01 
       347 -2.751400015E-02 -8.731114161E-04  1.550795862E-01 -8.035804273E+01 
       348  5.935999545E-03  4.558508526E-02  1.552731655E-01 -6.074988076E+01 
       349 -2.752487690E-02 -9.981717200E-03  1.554293047E-01 -7.655562810E+01 
       350  2.747182005E-02 -4.236463168E-02  1.557591660E-01 -7.566025790E+01 
       351  1.393292598E-02 -5.159426622E-02  1.557741797E-01 -7.486589345E+01 
       352 -2.742952942E-02  2.997068441E-02  1.558199256E-01 -8.377922022E+01 
       353  2.738508518E-02 -4.694353612E-02  1.558708377E-01 -7.549875982E+01 
       354  2.744054303E-02  2.798967412E-02  1.559402488E-01 -8.307453354E+01 
       355 -4.421760176E-03 -5.161232759E-02  1.561696819E-01 -7.448487857E+01 
       356 -2.741742188E-02 -2.661898524E-02  1.563334590E-01 -7.162512458E+01 
       357  2.736730071E-02  2.212585417E-02  1.565012688E-01 -8.424239329E+01 
       358 -2.739086279E-02  2.209201326E-02  1.565379380E-01 -8.164730488E+01 
       359 -2.401349133E-02  4.559064140E-02  1.565507187E-01 -7.637029189E+01 
       360 -2.735975898E-02 -1.969181473E-02  1.566243689E-01 -7.232731661E+01 
       361 -2.719949461E-02 -4.700800256E-02  1.566528496E-01 -7.386036293E+01 
       362 -2.726294425E-02 -4.348481759E-02  1.567364975E-01 -7.317519809E+01 
       363  2.733199127E-02 -2.596300208E-02  1.567390750E-01 -7.636628438E+01 
       364  2.526882860E-02  4.559085234E-02  1.567457371E-01 -7.160686780E+01 
       365  2.728826486E-02 -1.997583483E-02  1.567791270E-01 -7.761628868E+01 
       366 -3.648312191E-03  4.558683022E-02  1.568541813E-01 -6.502230366E+01 
       367  2.728695420E-02  1.313150374E-02  1.569527654E-01 -8.757729939E+01 
       368  1.596086935E-02  4.559108562E-02  1.569617307E-01 -6.540551641E+01 
       369 -2.724454808E-02  1.294355286E-02  1.569952984E-01 -8.072566826E+01 
       370  2.700764333E-02  4.559124052E-02  1.571043730E-01 -8.329683875E+01 
       371  2.707252797E-02  4.452393910E-02  1.571109964E-01 -9.031734981E+01 
       372 -2.700129374E-02  4.559129790E-02  1.571573801E-01 -8.848064614E+01 
       373 -2.708997722E-02  4.366849320E-02  1.571687641E-01 -9.623465435E+01 
       374  2.718631484E-02  7.514380363E-03  1.574417205E-01 -8.792305486E+01 
       375 -2.718117894E-02  7.021012627E-03  1.575318501E-01 -7.977316089E+01 
       376 -1.523233530E-02  4.559181042E-02  1.576306162E-01 -7.106433293E+01 
       377 -3.806303902E-03 -5.161010847E-02  1.582204753E-01 -7.459846960E+01 
       378  1.350726116E-03  4.558843862E-02  1.582735011E-01 -6.269961516E+01 
       379 -2.193850696E-02  4.559287641E-02  1.586157106E-01 -7.416308344E+01 
       380  4.870326105E-03 -5.160925144E-02  1.590130700E-01 -7.407040499E+01 
       381  2.364848607E-02 -5.160919995E-02  1.590598427E-01 -7.986669611E+01 
       382 -1.482929395E-02 -5.160916576E-02  1.590915304E-01 -7.586821746E+01 
       383 -2.345362865E-02 -5.160899699E-02  1.592475953E-01 -8.028818444E+01 
       384  1.192456366E-02  4.559359671E-02  1.592824020E-01 -6.330748815E+01 
       385  2.618063789E-02 -5.160838232E-02  1.598151047E-01 -7.839723884E+01 
       386  2.651144290E-02 -3.509815071E-02  1.598241391E-01 -7.494472314E+01 
       387  2.634489139E-02 -4.944280868E-02  1.598671621E-01 -7.545294665E+01 
       388  2.640977529E-02  3.621909290E-02  1.599591409E-01 -8.254909250E+01 
       389  1.524685924E-02 -5.160815509E-02  1.600263411E-01 -7.588398926E+01 
       390 -2.609509201E-02 -5.160811133E-02  1.600657773E-01 -7.818145380E+01 
       391 -2.643526544E-02 -1.023290945E-02  1.600694321E-01 -7.422872151E+01 
       392  2.642489593E-02 -3.944918547E-02  1.600954787E-01 -7.525898317E+01 
       393 -2.623131325E-02 -4.974002975E-02  1.601081796E-01 -7.402685823E+01 
       394  6.048801529E-04 -5.160779357E-02  1.603600436E-01 -7.400971284E+01 
       395  2.141865053E-02  4.559478245E-02  1.603774617E-01 -7.263362850E+01 
       396 -2.627347514E-02  3.728637114E-02  1.604594941E-01 -8.518970419E+01 
       397 -2.624575172E-02 -3.517212412E-02  1.605637269E-01 -7.168021008E+01 
       398  2.625347154E-02 -6.537376138E-04  1.606183147E-01 -8.471302844E+01 
       399  2.623098545E-02 -3.979635975E-03  1.606303139E-01 -8.261102310E+01 
       400 -2.621732991E-02  4.091075807E-02  1.606801290E-01 -8.912149864E+01 
       401 -2.619276985E-02  2.169991722E-02  1.607800727E-01 -8.144302984E+01 
       402 -2.620945252E-02 -1.845980434E-02  1.607988802E-01 -7.223704696E+01 
       403 -2.620006989E-02 -2.822983734E-02  1.608256063E-01 -7.165835179E+01 
       404  2.614051608E-02  3.010436491E-02  1.608317778E-01 -8.224094144E+01 
       405 -2.122063425E-02 -5.160722250E-02  1.608875045E-01 -7.931105768E+01 
       406 -2.623651534E-02 -1.551750404E-03  1.608913615E-01 -7.656145978E+01 
       407  2.614181667E-02 -1.224632304E-02  1.609911270E-01 -7.945716861E+01 
       408  2.610835615E-02  4.126022279E-02  1.611232329E-01 -8.660355425E+01 
       409  2.602422071E-02 -1.842565104E-02  1.612399193E-01 -7.700113404E+01 
       410  2.113642323E-02 -5.160678332E-02  1.612933199E-01 -7.965872967E+01 
       411  2.600363962E-02  2.101762665E-02  1.614574205E-01 -8.379486797E+01 
       412  2.602517182E-02 -2.752087716E-02  1.614654063E-01 -7.571730575E+01 
       413 -2.594691465E-02  1.460373596E-02  1.614927807E-01 -7.954105519E+01 
       414 -1.288875473E-02  4.559603033E-02  1.615298978E-01 -7.058800412E+01 
       415 -2.600150361E-02 -4.039729613E-02  1.615710683E-01 -7.263569798E+01 
       416  2.590341537E-02  1.475534451E-02  1.616629692E-01 -8.472563821E+01 
       417  2.580104141E-02  3.377633515E-02  1.617037063E-01 -8.119489169E+01 
       418 -2.589188362E-02  2.941519721E-02  1.617217285E-01 -8.306649139E+01 
       419  2.588791709E-02  6.092187824E-03  1.618353617E-01 -8.511420060E+01 
       420 -2.586859455E-02  5.834325314E-03  1.619372012E-01 -7.822454189E+01 
       421 -2.564386548E-02 -3.274661501E-02  1.622436868E-01 -7.201304291E+01 
       422 -2.557683599E-02 -1.531504438E-02  1.624163776E-01 -7.289071951E+01 
       423  2.552896815E-02 -1.570125223E-02  1.625137515E-01 -7.778789387E+01 
       424 -8.385632155E-03  4.559710937E-02  1.625267672E-01 -6.757222790E+01 
       425 -1.204606333E-02 -5.160542460E-02  1.625483309E-01 -7.672430629E+01 
       426  2.562258745E-02 -3.219231268E-02  1.626022902E-01 -7.541789216E+01 
       427 -2.552917862E-02 -6.481819759E-03  1.626390112E-01 -7.484652040E+01 
       428 -2.537515896E-02  1.807471069E-02  1.627971019E-01 -7.969156984E+01 
       429  2.537363189E-02  1.807877231E-02  1.629645008E-01 -8.352800327E+01 
       430  2.541958140E-02  2.025051748E-03  1.630191243E-01 -8.341758789E+01 
       431  2.532366906E-02 -4.729019203E-02  1.630527348E-01 -7.609884822E+01 
       432 -8.844654912E-03 -5.160484596E-02  1.630831806E-01 -7.595369538E+01 
       433  1.187209894E-02  4.559788700E-02  1.632470231E-01 -6.676985190E+01 
       434 -2.524998594E-02  2.644088114E-02  1.632658356E-01 -8.112471821E+01 
       435 -2.530535283E-02  1.995449773E-03  1.633332687E-01 -7.683739691E+01 
       436 -2.524404368E-02  3.410132378E-02  1.634147785E-01 -8.189240768E+01 
       437  2.530705756E-02 -7.205672297E-03  1.634477509E-01 -7.995782989E+01 
       438  2.523940933E-02 -4.180987064E-02  1.635217478E-01 -7.598399677E+01 
       439  1.288462783E-02 -5.160417381E-02  1.637052850E-01 -7.626663483E+01 
       440  2.154654911E-02  4.559855384E-02  1.638628784E-01 -7.453715791E+01 
       441  2.506859887E-02  2.613873996E-02  1.639647629E-01 -8.206727587E+01 
       442 -2.504572316E-02 -2.395443247E-02  1.641375830E-01 -7.201524628E+01 
       443 -2.217252446E-02  4.559900287E-02  1.642773017E-01 -7.400727443E+01 
       444  2.494908815E-02 -2.388428179E-02  1.643100061E-01 -7.602871598E+01 
       445  9.214469698E-03 -5.160349353E-02  1.643338927E-01 -7.507406955E+01 
       446 -2.461418454E-02 -4.710372270E-02  1.643686876E-01 -7.458435488E+01 
       447  2.476096968E-02  1.004326055E-02  1.646175448E-01 -8.352546746E+01 
       448 -2.475792607E-02  9.975740649E-03  1.646539140E-01 -7.809413599E+01 
       449 -2.457903859E-02 -4.245335183E-02  1.646743089E-01 -7.400357803E+01 
       450  2.401507248E-02  4.560004508E-02  1.652408924E-01 -8.270513501E+01 
       451  2.412608887E-02  4.305936537E-02  1.652991866E-01 -8.595849526E+01 
       452 -2.399995033E-02  4.560011272E-02  1.653033148E-01 -8.073652190E+01 
       453  2.612171238E-03  4.560013997E-02  1.653276507E-01 -6.314508980E+01 
       454 -2.411987196E-02  4.320728854E-02  1.653695805E-01 -8.464848674E+01 
       455 -2.065747356E-02 -5.160089736E-02  1.667327207E-01 -8.138096971E+01 
       456  2.118283612E-02 -5.160088009E-02  1.667488380E-01 -8.110944494E+01 
       457  1.739558955E-02  4.560170633E-02  1.667765082E-01 -7.217902998E+01 
       458 -1.736554223E-02  4.560176918E-02  1.668336789E-01 -7.217741831E+01 
       459 -6.883062237E-03  4.560192008E-02  1.669722272E-01 -6.680176032E+01 
       460  7.400240498E-03  4.560193915E-02  1.669909577E-01 -6.474143973E+01 
       461  2.304993133E-02 -6.800351886E-03  1.672561778E-01 -7.786159238E+01 
       462  2.311287505E-02 -3.303406966E-02  1.672633304E-01 -7.519585585E+01 
       463  2.597230603E-04 -5.160029375E-02  1.672906974E-01 -7.369455726E+01 
       464  2.295536940E-02  3.483558145E-02  1.673145633E-01 -8.007638940E+01 
       465 -2.308061140E-02 -3.308358538E-02  1.673482607E-01 -7.232962007E+01 
       466  2.298516947E-02  1.181857542E-03  1.673767047E-01 -7.947435821E+01 
       467 -2.296104582E-02 -6.714770295E-03  1.674703454E-01 -7.285433340E+01 
       468 -2.287069863E-02  3.491634331E-02  1.674717087E-01 -7.754336344E+01 
       469 -2.296290971E-02 -1.507222467E-02  1.674719266E-01 -7.208101952E+01 
       470 -2.301212376E-02 -2.392253639E-02  1.674909408E-01 -7.191537978E+01 
       471 -7.048787932E-03 -5.160001631E-02  1.675469561E-01 -7.615259754E+01 
       472  2.242227508E-02 -5.159996870E-02  1.675909215E-01 -7.960046569E+01 
       473  2.285336573E-02 -4.032168528E-02  1.675936040E-01 -7.541508727E+01 
       474  2.288650428E-02  2.641803466E-02  1.676188846E-01 -8.106850622E+01 
       475  2.289802329E-02 -1.541904071E-02  1.676371025E-01 -7.628706086E+01 
       476  2.293081082E-02 -2.389116582E-02  1.676405964E-01 -7.543488935E+01 
       477 -2.277292689E-02  2.628883698E-02  1.676467323E-01 -7.737223207E+01 
       478 -2.281772094E-02  1.832261760E-02  1.676673588E-01 -7.621343915E+01 
       479  2.252961406E-02 -4.970165396E-02  1.676872923E-01 -7.636110884E+01 
       480 -2.285443688E-02  1.565266088E-03  1.676979947E-01 -7.393351072E+01 
       481  2.284794513E-02  1.000727502E-02  1.677354884E-01 -8.063282115E+01 
       482 -2.283504670E-02  1.008093070E-02  1.677628485E-01 -7.507956286E+01 
       483  2.280452014E-02  1.821406493E-02  1.677842250E-01 -8.113061821E+01 
       484 -2.274009616E-02 -4.077639406E-02  1.678105883E-01 -7.387365576E+01 
       485 -2.223758519E-02 -5.159970038E-02  1.678389986E-01 -7.920987385E+01 
       486  7.672278442E-03 -5.159964866E-02  1.678865141E-01 -7.495947427E+01 
       487 -2.232122853E-02 -5.013940564E-02  1.679216094E-01 -7.539251632E+01 
       488 -2.245805235E-02  3.698925438E-02  1.679977787E-01 -7.591630345E+01 
       489 -1.631274442E-02 -5.159935549E-02  1.681573631E-01 -8.050713719E+01 
       490  1.650663720E-02 -5.159910141E-02  1.683927135E-01 -7.976681642E+01 
       491  2.208979234E-02  3.997814122E-02  1.685626107E-01 -8.219128433E+01 
       492 -1.409243735E-03  4.560390846E-02  1.688096343E-01 -6.452177550E+01 
       493 -2.193680807E-02  4.006414444E-02  1.688421433E-01 -7.755077326E+01 
       494  2.192703726E-02 -3.731024835E-02  1.688533940E-01 -7.486595768E+01 
       495  2.181245161E-02 -2.960810639E-03  1.689375688E-01 -7.763986901E+01 
       496 -3.080965885E-03 -5.159846423E-02  1.689816084E-01 -7.443513773E+01 
       497  2.190006456E-02  4.560416253E-02  1.690466229E-01 -8.246058597E+01 
       498  2.185467354E-02 -4.339597840E-02  1.690866381E-01 -7.644983108E+01 
       499  3.614920307E-03 -5.159820543E-02  1.692203585E-01 -7.364352546E+01 
       500 -2.168630759E-02 -3.730819868E-02  1.692207967E-01 -7.291437544E+01 
       501 -2.165846500E-02 -1.154858707E-02  1.692353747E-01 -7.186875945E+01 
       502  2.160787896E-02  3.132715927E-02  1.693085254E-01 -8.033571080E+01 
       503  2.157160311E-02 -1.154619524E-02  1.694021823E-01 -7.638384184E+01 
       504 -2.154330343E-02 -2.967170732E-03  1.694360866E-01 -7.239700092E+01 
       505 -2.154855721E-02 -2.013409654E-02  1.694510747E-01 -7.158576913E+01 
       506 -2.145095232E-02  2.275623875E-02  1.694707690E-01 -7.533014391E+01 
       507 -2.152222788E-02 -2.872297807E-02  1.695153004E-01 -7.200537450E+01 
       508 -2.139389051E-02  3.132336618E-02  1.695758766E-01 -7.599290353E+01 
       509  2.145771564E-02 -2.872609597E-02  1.696086968E-01 -7.512983191E+01 
       510  2.145287948E-02 -2.013554603E-02  1.696203535E-01 -7.526938372E+01 
       511  8.180230558E-03  4.560480103E-02  1.696352448E-01 -6.730584684E+01 
       512  2.140068096E-02  2.276662616E-02  1.696472552E-01 -8.073816248E+01 
       513 -1.661415191E-02  4.560487525E-02  1.697044121E-01 -7.117343412E+01 
       514 -2.135963975E-02  1.418439825E-02  1.697103061E-01 -7.424411945E+01 
       515  2.134358043E-02  5.621107630E-03  1.697419141E-01 -7.921961082E+01 
       516  2.130409744E-02  1.419675813E-02  1.697846312E-01 -8.012410468E+01 
       517 -2.131733725E-02 -4.355491720E-02  1.698431596E-01 -7.640044101E+01 
       518 -2.126812596E-02  5.610433202E-03  1.698433359E-01 -7.341147505E+01 
       519  1.713681570E-02  4.560535312E-02  1.701466563E-01 -7.324537524E+01 
       520  2.095682978E-02  4.060547643E-02  1.702626185E-01 -8.460085441E+01 
       521  2.064306650E-02 -4.657123345E-02  1.704947485E-01 -7.717167563E+01 
       522 -1.979016516E-02 -4.715129046E-02  1.711018170E-01 -7.647359693E+01 
       523 -1.967797031E-02 -4.585848116E-02  1.711779195E-01 -7.791578494E+01 
       524  2.001359500E-02  3.560679033E-02  1.714786142E-01 -8.191421264E+01 
       525  2.001359500E-02  3.161595345E-02  1.714829312E-01 -8.150123926E+01 
       526  2.001359500E-02  2.282349808E-02  1.714924469E-01 -7.991946284E+01 
       527  2.001359500E-02  1.421394523E-02  1.715017637E-01 -7.837398001E+01 
       528 -1.998639666E-02  3.560682014E-02  1.715063304E-01 -7.354936260E+01 
       529 -1.998639666E-02  3.157619531E-02  1.715106937E-01 -7.309350162E+01 
       530  2.001359500E-02  5.621704434E-03  1.715110570E-01 -7.674472310E+01 
       531 -1.998639666E-02  2.278046267E-02  1.715202111E-01 -7.175772231E+01 
       532  2.001359500E-02 -2.977930146E-03  1.715203629E-01 -7.541524286E+01 
       533 -1.998639666E-02  1.419182728E-02  1.715295056E-01 -7.050963643E+01 
       534  2.001359500E-02 -1.159527756E-02  1.715296928E-01 -7.465639508E+01 
       535 -1.998639666E-02  5.612850327E-03  1.715387888E-01 -6.990182368E+01 
       536  2.001359500E-02 -2.023918838E-02  1.715390460E-01 -7.417643459E+01 
       537 -1.998639666E-02 -2.965373236E-03  1.715480690E-01 -6.977103174E+01 
       538  2.001359500E-02 -2.891163347E-02  1.715484243E-01 -7.403996236E+01 
       539 -1.998639666E-02 -1.155434679E-02  1.715573645E-01 -7.000237178E+01 
       540  2.001359500E-02 -3.760346051E-02  1.715578289E-01 -7.427153065E+01 
       541  2.001359500E-02 -4.159566388E-02  1.715621501E-01 -7.795443479E+01 
       542 -1.998639666E-02 -2.017135086E-02  1.715666872E-01 -7.032816070E+01 
       543 -1.998639666E-02 -2.883585368E-02  1.715760642E-01 -7.095416829E+01 
       544 -1.998639666E-02 -3.756739997E-02  1.715855113E-01 -7.254938801E+01 
       545 -1.998639666E-02 -4.159563407E-02  1.715898663E-01 -7.896416375E+01 
       546 -1.114945078E-02  4.560722860E-02  1.718788731E-01 -6.905329265E+01 
       547 -1.455031286E-02 -5.159531417E-02  1.718919437E-01 -8.035354474E+01 
       548  1.337606213E-02  4.560727447E-02  1.719218787E-01 -7.138379250E+01 
       549  1.877992070E-02  4.560727426E-02  1.719221745E-01 -8.249249001E+01 
       550 -1.874901729E-02  4.560735964E-02  1.720009476E-01 -7.524021195E+01 
       551  1.507796655E-02 -5.159512302E-02  1.720692748E-01 -7.886657992E+01 
       552  1.891824831E-02  4.143325639E-02  1.720841310E-01 -8.680531442E+01 
       553 -1.887799842E-02  4.143332614E-02  1.721533781E-01 -7.678039240E+01 
       554 -1.105582172E-02 -5.159493137E-02  1.722457239E-01 -7.790243497E+01 
       555  1.122663667E-02 -5.159472913E-02  1.724327965E-01 -7.617417420E+01 
       556  1.641866293E-02 -5.159323908E-02  1.738105904E-01 -7.811619367E+01 
       557  1.650456939E-02 -4.665173130E-02  1.739668731E-01 -7.671203649E+01 
       558 -1.059227603E-02  4.560952263E-02  1.739990705E-01 -6.773859699E+01 
       559 -1.613120264E-02 -5.159301618E-02  1.740159678E-01 -7.912872158E+01 
       560  1.653540714E-02  3.560956407E-02  1.740430555E-01 -8.108693860E+01 
       561 -1.649545602E-02  3.560957464E-02  1.740514294E-01 -7.327093920E+01 
       562 -1.615701958E-02 -5.082160823E-02  1.740909401E-01 -7.711397435E+01 
       563  1.646362517E-02  3.967933410E-02  1.741409189E-01 -8.390514192E+01 
       564  1.648152492E-02 -4.159286908E-02  1.741461808E-01 -7.999893495E+01 
       565 -1.644333330E-02 -4.159285022E-02  1.741635005E-01 -8.226218826E+01 
       566 -1.644061884E-02  3.968355098E-02  1.741765546E-01 -7.510563098E+01 
       567 -6.278916983E-04  4.560978401E-02  1.742396628E-01 -6.478343751E+01 
       568  5.964207103E-03  4.561024743E-02  1.746677192E-01 -6.643513545E+01 
       569  3.506428440E-03 -5.159192015E-02  1.750287059E-01 -7.331165270E+01 
       570 -3.103939405E-03 -5.159191914E-02  1.750300386E-01 -7.425625099E+01 
       571  3.625051431E-03  4.561174118E-02  1.760482297E-01 -6.519828328E+01 
       572 -1.336920611E-02 -4.767062700E-02  1.761065614E-01 -7.731717335E+01 
       573 -1.336475578E-02 -4.545045523E-02  1.761751879E-01 -7.729344058E+01 
       574 -7.910959583E-03 -5.159031067E-02  1.765163508E-01 -7.639316310E+01 
       575  1.190944677E-02  4.561233783E-02  1.766005987E-01 -7.635781752E+01 
       576  8.312491634E-03 -5.159021313E-02  1.766064442E-01 -7.480219644E+01 
       577 -3.658139934E-03  4.561236519E-02  1.766252612E-01 -6.571024030E+01 
       578  1.280880985E-02 -4.659013758E-02  1.766742395E-01 -7.582199660E+01 
       579 -1.186243497E-02  4.561242022E-02  1.766769500E-01 -7.267372478E+01 
       580  1.200586679E-02  4.143989101E-02  1.768075119E-01 -8.329328651E+01 
       581 -1.194067210E-02  4.144124940E-02  1.768526448E-01 -7.546228637E+01 
       582  1.745061126E-04 -5.158972535E-02  1.770571726E-01 -7.334562385E+01 
       583  8.752468615E-03 -5.158886702E-02  1.778507611E-01 -7.487539307E+01 
       584  8.754611795E-03 -5.095661826E-02  1.779175769E-01 -7.494775934E+01 
       585 -8.391239867E-03 -5.158874027E-02  1.779671767E-01 -7.628907227E+01 
       586 -8.405786803E-03 -5.071273960E-02  1.780516029E-01 -7.627559079E+01 
       587 -8.629782612E-03  3.561394601E-02  1.780921941E-01 -7.033880199E+01 
       588  8.687354848E-03  3.561396546E-02  1.781102695E-01 -7.396929672E+01 
       589  8.671304898E-03  3.964907482E-02  1.781626466E-01 -7.784185817E+01 
       590 -8.622400491E-03  3.965182839E-02  1.781728724E-01 -7.273364528E+01 
       591 -8.612692502E-03 -4.158846474E-02  1.782167046E-01 -7.603781971E+01 
       592  8.590172727E-03 -4.158844937E-02  1.782315309E-01 -7.450010573E+01 
       593  4.102209181E-03  4.561498383E-02  1.790450206E-01 -7.216585769E+01 
       594 -4.029810408E-03  4.561501612E-02  1.790751287E-01 -7.091295809E+01 
       595  4.134592921E-03  4.145574869E-02  1.792488887E-01 -7.611940264E+01 
       596 -5.075065378E-03 -4.659327012E-02  1.792544304E-01 -7.509829048E+01 
       597 -4.056587158E-03  4.145662198E-02  1.792562212E-01 -7.324043659E+01 
       598  1.833454721E-04 -5.158731200E-02  1.792874940E-01 -7.373346542E+01 
       599  4.461369280E-03 -4.658715314E-02  1.794317560E-01 -7.383340811E+01 
       600  1.909621700E-04 -4.668828944E-02  1.794574575E-01 -7.390747296E+01 
       601  2.910476283E-05  3.561544715E-02  1.794795036E-01 -6.939917435E+01 
       602  2.920685680E-05  3.964086507E-02  1.795652618E-01 -7.221052210E+01 
       603 -1.344230912E-05 -4.158695860E-02  1.796083664E-01 -7.394820020E+01 
