nodenumber     x-coordinate     y-coordinate     z-coordinate         pressure 
         1  5.893175676E-02 -3.848249838E-02 -5.183716491E-02 -2.659114683E+01 
         2  5.890992212E-02 -3.510768642E-02 -5.171333232E-02 -5.581751761E+01 
         3  5.886198850E-02 -2.769884172E-02 -5.144147840E-02 -3.891336315E+01 
         4  5.881302607E-02 -2.013121289E-02 -5.116379885E-02 -3.911574051E+01 
         5  5.876310374E-02 -1.241544421E-02 -5.088068279E-02 -3.850681881E+01 
         6  5.871262750E-02 -4.613891867E-03 -5.059441898E-02 -3.748124173E+01 
         7  6.193663136E-02 -3.848249838E-02 -5.031399003E-02  1.790453834E+01 
         8  5.866163717E-02  3.267278497E-03 -5.030523392E-02 -3.569889714E+01 
         9  5.860959693E-02  1.131078532E-02 -5.001009195E-02 -3.395429490E+01 
        10  5.855635027E-02  1.954063374E-02 -4.970811359E-02 -3.354179595E+01 
        11  5.850313794E-02  2.776497772E-02 -4.940633652E-02 -3.603814411E+01 
        12  5.847885832E-02  3.151749820E-02 -4.926864430E-02 -4.293103859E+01 
        13  5.841266014E-02 -2.766304670E-02 -4.889321183E-02 -3.819936123E+01 
        14  5.839670158E-02 -2.015672298E-02 -4.880270287E-02 -3.917598292E+01 
        15  5.836132528E-02 -1.248245518E-02 -4.860208454E-02 -3.854183796E+01 
        16  5.828205408E-02  3.182553195E-03 -4.815250851E-02 -3.577217722E+01 
        17  5.826286597E-02 -4.707055936E-03 -4.804369437E-02 -3.757084942E+01 
        18  5.824333659E-02 -3.501781311E-02 -4.793293126E-02 -7.733312006E+01 
        19  6.138667287E-02  3.151749820E-02 -4.779466874E-02 -4.935541135E+01 
        20  5.821426553E-02  1.936597282E-02 -4.776805652E-02 -3.357491130E+01 
        21  5.819344273E-02 -3.848249838E-02 -4.764997064E-02 -3.615554235E+01 
        22  6.077120322E-02 -3.848249838E-02 -4.748720095E-02  2.117022386E+01 
        23  5.814736236E-02  2.745081337E-02 -4.738863296E-02 -3.615064912E+01 
        24  5.813808321E-02  1.118238220E-02 -4.733600645E-02 -3.404889139E+01 
        25  6.885029167E-02 -3.848249838E-02 -4.680944532E-02  4.009675629E+01 
        26  5.803179856E-02 -2.442936727E-02 -4.673323448E-02 -3.882705396E+01 
        27  5.801617286E-02 -3.362888255E-02 -4.664462177E-02 -5.832499274E+01 
        28  5.801160342E-02 -1.654867669E-02 -4.661870808E-02 -3.881301206E+01 
        29  5.793852119E-02 -8.704782230E-03 -4.620424359E-02 -3.819850105E+01 
        30  5.790703217E-02  2.889477579E-02 -4.602565361E-02 -3.711094335E+01 
        31  5.789248816E-02 -1.220526065E-03 -4.594317395E-02 -3.673071773E+01 
        32  5.787484433E-02  3.151749820E-02 -4.584310534E-02 -4.651085566E+01 
        33  5.783236865E-02  2.216288982E-02 -4.560221321E-02 -3.404285053E+01 
        34  5.782771736E-02  7.045492848E-03 -4.557583460E-02 -3.480291698E+01 
        35  6.056431192E-02  3.151749820E-02 -4.555710424E-02 -5.319417090E+01 
        36  5.778559825E-02  1.432784058E-02 -4.533696572E-02 -3.346066188E+01 
        37  6.759118459E-02  3.151749820E-02 -4.464959291E-02 -4.930477982E+01 
        38  6.250896836E-02 -3.848249838E-02 -4.450114793E-02  2.479939184E+01 
        39  6.759158363E-02 -3.848249838E-02 -4.394705485E-02  3.744450642E+01 
        40  6.694139547E-02  3.151749820E-02 -4.305509562E-02 -4.979464509E+01 
        41  5.734798707E-02 -3.343265949E-02 -4.285515181E-02 -6.269538852E+01 
        42  7.666310817E-02 -3.848249838E-02 -4.284911789E-02  5.868104243E+01 
        43  6.176146581E-02  3.151749820E-02 -4.284132681E-02 -5.263571370E+01 
        44  5.732729591E-02 -1.103439867E-03 -4.273780685E-02 -3.663358076E+01 
        45  5.727421127E-02 -2.450796487E-02 -4.243674564E-02 -3.877644333E+01 
        46  5.722914255E-02 -1.667843538E-02 -4.218115018E-02 -3.867283938E+01 
        47  5.721440720E-02 -9.106675637E-03 -4.209758861E-02 -3.814147581E+01 
        48  7.328993981E-02  3.151749820E-02 -4.176088688E-02 -4.821422778E+01 
        49  5.712076914E-02  1.471061121E-02 -4.156653614E-02 -3.290242819E+01 
        50  5.711801052E-02  2.213643335E-02 -4.155088939E-02 -3.290852505E+01 
        51  5.702528376E-02  6.352587522E-03 -4.102500749E-02 -3.484089042E+01 
        52  5.700026492E-02  2.841496363E-02 -4.088311633E-02 -3.506598993E+01 
        53  5.689698467E-02 -3.752745790E-03 -4.029739455E-02 -3.724157251E+01 
        54  5.688587553E-02 -7.008125259E-03 -4.023439216E-02 -3.779606384E+01 
        55  5.688182418E-02 -1.341778268E-02 -4.021141444E-02 -3.834327868E+01 
        56  5.687617693E-02 -2.798468208E-02 -4.017938504E-02 -3.843165323E+01 
        57  5.686691850E-02 -2.041222153E-02 -4.012687234E-02 -3.909550338E+01 
        58  5.685452012E-02  2.822476727E-03 -4.005655824E-02 -3.571562529E+01 
        59  7.249469435E-02  3.151749820E-02 -4.005631395E-02 -4.829465417E+01 
        60  5.684814178E-02 -3.608918155E-02 -4.002038698E-02 -7.249006193E+01 
        61  5.683275113E-02 -3.848249838E-02 -3.993309908E-02 -3.969197464E+01 
        62  7.004871846E-02 -3.848249838E-02 -3.989404519E-02  4.245892148E+01 
        63  5.682586599E-02  2.985591645E-02 -3.989405004E-02 -3.504681914E+01 
        64  6.063473944E-02  3.151749820E-02 -3.985418263E-02 -5.304164952E+01 
        65  5.680977656E-02  3.151749820E-02 -3.980280326E-02 -4.556368073E+01 
        66  5.679770847E-02  2.482596764E-02 -3.973436489E-02 -3.250707070E+01 
        67  5.678020434E-02  1.858294275E-02 -3.963509801E-02 -3.193459413E+01 
        68  7.505068654E-02 -3.848249838E-02 -3.961245224E-02  5.487005145E+01 
        69  6.892863750E-02  3.151749820E-02 -3.960932830E-02 -4.937739803E+01 
        70  5.953528106E-02 -3.848249838E-02 -3.954657179E-02  1.338563170E+01 
        71  5.676089915E-02  7.846961290E-03 -3.952560876E-02 -3.397882720E+01 
        72  5.673243589E-02  1.237318831E-02 -3.936418848E-02 -3.292676964E+01 
        73  5.900519759E-02  3.151749820E-02 -3.911267585E-02 -5.383670440E+01 
        74  7.858070653E-02  3.151749820E-02 -3.907899036E-02 -4.684669076E+01 
        75  8.487623767E-02 -3.848249838E-02 -3.868587215E-02  6.944293632E+01 
        76  6.816129249E-02  3.151749820E-02 -3.808559473E-02 -4.971644208E+01 
        77  5.648016676E-02 -2.043561906E-02 -3.793349706E-02 -3.863826122E+01 
        78  7.439902375E-02  3.151749820E-02 -3.770283941E-02 -4.757755791E+01 
        79  6.367100407E-02  3.151749820E-02 -3.685916506E-02 -5.035418394E+01 
        80  5.623257262E-02 -2.799453030E-02 -3.652932048E-02 -4.018600708E+01 
        81  8.363384761E-02  3.151749820E-02 -3.651754461E-02 -4.649295928E+01 
        82  8.360334119E-02 -3.848249838E-02 -3.644557836E-02  6.856441245E+01 
        83  6.108819800E-02 -3.848249838E-02 -3.624505866E-02  7.171505979E+00 
        84  5.618061221E-02 -1.335760687E-02 -3.623463810E-02 -3.785466563E+01 
        85  7.756691368E-02 -3.848249838E-02 -3.606345895E-02  5.553484615E+01 
        86  5.614024300E-02 -1.998666682E-03 -3.600569544E-02 -3.700597216E+01 
        87  5.611369210E-02  1.870330789E-02 -3.585511728E-02 -3.093808949E+01 
        88  5.609054951E-02  2.463691529E-02 -3.572386869E-02 -3.051097318E+01 
        89  5.607700095E-02 -7.822458730E-03 -3.564703434E-02 -3.770346542E+01 
        90  5.607611460E-02  1.219153674E-03 -3.564200228E-02 -3.614033644E+01 
        91  7.951914200E-02  3.151749820E-02 -3.563280989E-02 -4.652062418E+01 
        92  8.308446369E-02  3.151749820E-02 -3.549541480E-02 -4.643541697E+01 
        93  5.600859795E-02 -3.462577968E-02 -3.525909611E-02 -5.853887379E+01 
        94  5.599970623E-02  1.330622183E-02 -3.520867270E-02 -3.238862135E+01 
        95  5.597373529E-02  7.347414229E-03 -3.506137941E-02 -3.416600419E+01 
        96  6.671648485E-02 -3.848249838E-02 -3.506026878E-02  2.157714923E+01 
        97  5.595537437E-02 -2.335225381E-02 -3.495724668E-02 -3.889975881E+01 
        98  5.595049458E-02 -1.721973374E-02 -3.492957546E-02 -3.759055426E+01 
        99  5.591294860E-02  1.838761100E-03 -3.471664136E-02 -3.599092908E+01 
       100  5.590738670E-02  2.959827553E-02 -3.468509884E-02 -3.237656847E+01 
       101  9.278700215E-02 -3.848249838E-02 -3.467589430E-02  7.701713223E+01 
       102  5.590469861E-02 -1.550529739E-02 -3.466985145E-02 -3.728825829E+01 
       103  5.589329622E-02 -9.978679717E-03 -3.460518884E-02 -3.756047400E+01 
       104  5.588734505E-02  3.151749820E-02 -3.457143802E-02 -4.390215712E+01 
       105  5.588265931E-02 -2.497788179E-02 -3.454485844E-02 -4.036874749E+01 
       106  6.938012948E-02  3.151749820E-02 -3.442374976E-02 -4.911672952E+01 
       107  5.584705008E-02 -3.113080138E-02 -3.434291144E-02 -4.144869257E+01 
       108  5.581939092E-02  2.162191203E-02 -3.418605138E-02 -2.985032889E+01 
       109  5.776148600E-02  3.151749820E-02 -3.417582852E-02 -5.347329036E+01 
       110  5.581214726E-02  1.583001045E-02 -3.414497207E-02 -3.134741650E+01 
       111  7.378145460E-02  3.151749820E-02 -3.406584831E-02 -4.758141137E+01 
       112  8.858134573E-02  3.151749820E-02 -3.400964900E-02 -4.671986990E+01 
       113  5.578034681E-02 -4.423116763E-03 -3.396462274E-02 -3.730066123E+01 
       114  6.341999223E-02  3.151749820E-02 -3.387595994E-02 -5.028756472E+01 
       115  5.575834446E-02  5.407878578E-03 -3.383983914E-02 -3.515346901E+01 
       116  5.572399124E-02  2.810408325E-02 -3.364501338E-02 -3.008872507E+01 
       117  7.297238718E-02  3.151749820E-02 -3.348975370E-02 -4.823320436E+01 
       118  5.567678005E-02  1.053867359E-02 -3.337726464E-02 -3.326319441E+01 
       119  8.387759080E-02  3.151749820E-02 -3.336616466E-02 -4.658495561E+01 
       120  8.801826010E-02  3.151749820E-02 -3.306982438E-02 -4.670969559E+01 
       121  9.621631354E-02 -3.848249838E-02 -3.293757141E-02  3.523908228E+01 
       122  7.792336338E-02  3.151749820E-02 -3.286007396E-02 -4.686862999E+01 
       123  5.863733700E-02  3.151749820E-02 -3.283860136E-02 -5.256071220E+01 
       124  8.599839489E-02 -3.848249838E-02 -3.279361224E-02  6.919326337E+01 
       125  9.619044773E-02 -3.448468606E-02 -3.279087835E-02 -1.440291337E+01 
       126  9.144007189E-02 -3.848249838E-02 -3.270738305E-02  7.907691425E+01 
       127  5.553435851E-02 -2.011271381E-02 -3.256954649E-02 -3.784893083E+01 
       128  9.613377583E-02 -2.572522696E-02 -3.246946583E-02 -2.777332369E+01 
       129  8.340138639E-02  3.151749820E-02 -3.225106291E-02 -4.673594117E+01 
       130  6.733922778E-02  3.151749820E-02 -3.224905111E-02 -4.963966774E+01 
       131  6.164221827E-02  3.151749820E-02 -3.224417548E-02 -5.067567516E+01 
       132  5.546715037E-02 -3.752931375E-02 -3.218839477E-02 -6.997397975E+01 
       133  5.546563870E-02 -3.848249838E-02 -3.217982337E-02 -4.707813554E+01 
       134  9.607458328E-02 -1.657651897E-02 -3.213377179E-02 -3.498589455E+01 
       135  7.624423900E-02 -3.848249838E-02 -3.179498395E-02  3.733595883E+01 
       136  9.601107255E-02 -6.760483176E-03 -3.177358993E-02 -3.881102543E+01 
       137  5.800611267E-02 -3.848249838E-02 -3.174070676E-02 -5.816470703E+00 
       138  7.841608747E-02  3.151749820E-02 -3.170229634E-02 -4.671244160E+01 
       139  9.349853260E-02  3.151749820E-02 -3.151712127E-02 -5.305964120E+01 
       140  9.594547464E-02  3.378596720E-03 -3.140155456E-02 -4.154857887E+01 
       141  8.295974296E-02  3.151749820E-02 -3.134355519E-02 -4.661706631E+01 
       142  7.276092832E-02  3.151749820E-02 -3.124812681E-02 -4.789571084E+01 
       143  6.736955984E-02  3.151749820E-02 -3.123457843E-02 -4.960982749E+01 
       144  6.800704202E-02 -3.848249838E-02 -3.113495798E-02  1.450372139E+01 
       145  9.588356585E-02  1.294721049E-02 -3.105045197E-02 -4.271068327E+01 
       146  8.872424043E-02  3.151749820E-02 -3.087476134E-02 -4.692477210E+01 
       147  5.523247067E-02 -4.157419037E-03 -3.085745875E-02 -3.709113333E+01 
       148  9.583053127E-02 -2.555232309E-02 -3.074968032E-02 -2.639390952E+01 
       149  9.582929798E-02  2.133454934E-02 -3.074269366E-02 -4.374892635E+01 
       150  5.520486356E-02  2.797299070E-02 -3.070089324E-02 -2.844519365E+01 
       151  5.520470315E-02  2.159265969E-02 -3.069998144E-02 -2.913279200E+01 
       152  5.520263357E-02 -1.004243371E-02 -3.068824194E-02 -3.696478695E+01 
       153  5.519028305E-02 -3.049472451E-02 -3.061819583E-02 -4.239558268E+01 
       154  5.518294577E-02  1.601905264E-02 -3.057658854E-02 -3.151156206E+01 
       155  5.517543113E-02 -2.538951283E-02 -3.053396613E-02 -3.992068432E+01 
       156  9.279384472E-02  3.151749820E-02 -3.049785318E-02 -5.327978525E+01 
       157  9.578321562E-02  2.845698944E-02 -3.048134975E-02 -4.346199585E+01 
       158  5.516522205E-02 -1.496433842E-02 -3.047606882E-02 -3.622847540E+01 
       159  5.516504390E-02  4.050554604E-04 -3.047506252E-02 -3.662350988E+01 
       160  5.516202579E-02  1.062474164E-02 -3.045794748E-02 -3.378639633E+01 
       161  9.576341510E-02  3.151749820E-02 -3.036905080E-02 -5.037508103E+01 
       162  7.807463408E-02  3.151749820E-02 -3.034023490E-02 -4.674127788E+01 
       163  5.513982140E-02 -2.010630960E-02 -3.033201459E-02 -3.692574893E+01 
       164  9.575454276E-02  3.317874534E-03 -3.031872707E-02 -4.108413015E+01 
       165  6.203375519E-02  3.151749820E-02 -3.030391214E-02 -5.099030924E+01 
       166  5.511051816E-02  5.801996954E-03 -3.016583245E-02 -3.553838561E+01 
       167  8.822832059E-02  3.151749820E-02 -2.982905146E-02 -4.718816123E+01 
       168  5.504516308E-02  3.151749820E-02 -2.979518486E-02 -4.215087869E+01 
       169  5.503283177E-02  2.882796590E-02 -2.972525041E-02 -2.844386981E+01 
       170  5.503125042E-02 -2.314602451E-03 -2.971628008E-02 -3.689830322E+01 
       171  9.309835917E-02 -3.848249838E-02 -2.968245666E-02  7.238224116E+01 
       172  7.131653130E-02 -3.848249838E-02 -2.965649890E-02  2.043767695E+01 
       173  5.498990695E-02 -3.204432838E-02 -2.948180719E-02 -4.374446812E+01 
       174  9.560007094E-02  1.277995428E-02 -2.944267330E-02 -4.246844100E+01 
       175  5.498248496E-02 -1.240594014E-02 -2.943971453E-02 -3.634476603E+01 
       176  5.667857802E-02  3.151749820E-02 -2.943506142E-02 -5.223220836E+01 
       177  8.353211457E-02  3.151749820E-02 -2.938333306E-02 -4.688401198E+01 
       178  5.496674542E-02 -7.408245574E-03 -2.935045529E-02 -3.696961306E+01 
       179  5.495723848E-02  2.350751659E-02 -2.929653947E-02 -2.811821877E+01 
       180  5.495124801E-02  1.831134677E-02 -2.926256233E-02 -3.036418658E+01 
       181  9.556563971E-02 -3.657672111E-02 -2.924740958E-02 -2.140479725E+01 
       182  5.494480721E-02 -2.774649996E-02 -2.922603367E-02 -4.110063961E+01 
       183  8.779500010E-02  3.151749820E-02 -2.918219662E-02 -4.726175030E+01 
       184  5.491743266E-02  1.317836817E-02 -2.907078919E-02 -3.287480465E+01 
       185  5.491456004E-02 -1.734393914E-02 -2.905449504E-02 -3.598656802E+01 
       186  9.552697338E-02 -3.848249838E-02 -2.902811967E-02  2.318525781E+01 
       187  5.489987633E-02 -2.240250188E-02 -2.897121794E-02 -3.797929108E+01 
       188  9.551540689E-02 -2.955744194E-02 -2.896252678E-02 -2.565757442E+01 
       189  5.489716903E-02  8.012518829E-03 -2.895586698E-02 -3.493954176E+01 
       190  9.551101362E-02 -2.363000560E-02 -2.893760340E-02 -3.017553843E+01 
       191  5.487368597E-02 -3.528885088E-02 -2.882269004E-02 -6.278734839E+01 
       192  5.484637944E-02  2.832837677E-03 -2.866782556E-02 -3.625633482E+01 
       193  9.545348336E-02  2.118280386E-02 -2.861133177E-02 -4.364654105E+01 
       194  9.545291558E-02 -1.913532660E-02 -2.860811666E-02 -3.300695720E+01 
       195  5.482934649E-02 -3.328601709E-02 -2.857122553E-02 -4.495164098E+01 
       196  8.317608796E-02  3.151749820E-02 -2.851596316E-02 -4.682138552E+01 
       197  5.696578564E-02  3.151749820E-02 -2.849545972E-02 -5.010973162E+01 
       198  5.932711966E-02 -3.848249838E-02 -2.847662977E-02 -1.072536459E+01 
       199  9.360888804E-02  3.151749820E-02 -2.814488000E-02 -6.661568089E+01 
       200  9.531809367E-02  2.862450678E-02 -2.784350137E-02 -4.290359774E+01 
       201  9.529941122E-02 -3.548554623E-03 -2.773755757E-02 -3.974216995E+01 
       202  9.529315878E-02 -1.161282265E-02 -2.770210537E-02 -3.689535712E+01 
       203  9.528945762E-02  3.151749820E-02 -2.768110048E-02 -6.066541446E+01 
       204  8.392600443E-02 -3.848249838E-02 -2.765170886E-02  4.564916981E+01 
       205  5.462978035E-02 -3.050000034E-02 -2.743942849E-02 -4.497601056E+01 
       206  5.462978035E-02 -2.794652693E-02 -2.743942849E-02 -4.258631223E+01 
       207  5.462978035E-02 -2.499299959E-02 -2.743942849E-02 -3.956620689E+01 
       208  5.462978035E-02 -2.252672436E-02 -2.743942849E-02 -3.786296798E+01 
       209  5.462978035E-02 -1.740953655E-02 -2.743942849E-02 -3.589594355E+01 
       210  5.462978035E-02 -1.243246264E-02 -2.743942849E-02 -3.592920323E+01 
       211  5.462978035E-02 -7.411677435E-03 -2.743942849E-02 -3.663891939E+01 
       212  5.462978035E-02 -2.314815061E-03 -2.743942849E-02 -3.676154668E+01 
       213  5.462978035E-02  2.836549072E-03 -2.743942849E-02 -3.625953366E+01 
       214  5.462978035E-02  8.026819938E-03 -2.743942849E-02 -3.515624994E+01 
       215  5.462978035E-02  1.321876260E-02 -2.743942849E-02 -3.339229420E+01 
       216  5.462978035E-02  1.841506973E-02 -2.743942849E-02 -3.098251648E+01 
       217  5.462978035E-02  2.362079609E-02 -2.743942849E-02 -2.871606640E+01 
       218  5.462978035E-02  2.906972083E-02 -2.743942849E-02 -2.915643050E+01 
       219  5.462978035E-02  3.151749820E-02 -2.743942849E-02 -3.943859266E+01 
       220  8.010451702E-02 -3.848249838E-02 -2.727079219E-02  3.093691798E+01 
       221  6.373266985E-02 -3.848249838E-02 -2.710839456E-02 -2.412504199E+00 
       222  9.280075817E-02  3.151749820E-02 -2.686833743E-02 -6.446268539E+01 
       223  9.219461070E-02  3.151749820E-02 -2.625476838E-02 -5.409046663E+01 
       224  9.118549541E-02 -3.848249838E-02 -2.600803857E-02  5.232145577E+01 
       225  9.499337087E-02  6.188696468E-03 -2.600191274E-02 -4.189081598E+01 
       226  9.497752657E-02  1.955317413E-02 -2.591205501E-02 -4.309404903E+01 
       227  8.793577221E-02  3.151749820E-02 -2.581005875E-02 -4.768380608E+01 
       228  9.493464026E-02  7.247972061E-03 -2.566883493E-02 -4.233044141E+01 
       229  9.492014439E-02  1.835316892E-02 -2.558662603E-02 -4.275741103E+01 
       230  9.491496647E-02 -3.848249838E-02 -2.555724765E-02  4.651342335E+00 
       231  8.582851623E-02 -3.848249838E-02 -2.548480709E-02  3.841627222E+01 
       232  9.487277141E-02  3.151749820E-02 -2.531795208E-02 -6.213067899E+01 
       233  5.417709425E-02 -3.848249838E-02 -2.487212761E-02 -4.735997148E+01 
       234  5.417528832E-02 -3.782431999E-02 -2.486188486E-02 -6.518492544E+01 
       235  9.476451657E-02 -1.162012407E-02 -2.470402539E-02 -3.775194329E+01 
       236  9.476284716E-02 -3.575717125E-03 -2.469455468E-02 -3.999602125E+01 
       237  5.414525598E-02 -3.050000034E-02 -2.469155789E-02 -4.333893337E+01 
       238  5.412355346E-02 -3.150651895E-02 -2.456847760E-02 -4.350768063E+01 
       239  5.623358580E-02 -3.848249838E-02 -2.449895157E-02 -1.778440036E+01 
       240  9.470401907E-02 -3.030203163E-02 -2.436091972E-02 -3.003082577E+01 
       241  9.462492803E-02 -1.838569905E-02 -2.391237593E-02 -3.544154757E+01 
       242  9.461207603E-02  2.797483681E-02 -2.383948004E-02 -4.352865567E+01 
       243  9.460551070E-02 -2.475207159E-02 -2.380225200E-02 -3.140022685E+01 
       244  7.215596227E-02 -3.848249838E-02 -2.360673488E-02  7.060582511E+00 
       245  9.285037541E-02  3.151749820E-02 -2.318733164E-02 -6.450705817E+01 
       246  9.446852711E-02 -3.449124936E-02 -2.302537472E-02 -3.273659828E+01 
       247  9.445869413E-02  2.318285482E-02 -2.296961092E-02 -4.384051515E+01 
       248  9.445077102E-02 -2.786466480E-02 -2.292468108E-02 -3.090735978E+01 
       249  9.445011299E-02  3.151749820E-02 -2.292094527E-02 -5.852837371E+01 
       250  6.466211025E-02 -3.848249838E-02 -2.291383159E-02 -7.385428669E+00 
       251  9.444742958E-02  2.884330611E-02 -2.290572694E-02 -4.327928154E+01 
       252  9.439946104E-02  1.656086631E-02 -2.263368541E-02 -4.283299568E+01 
       253  9.289095572E-02 -3.848249838E-02 -2.254017710E-02  3.688509173E+01 
       254  9.436480461E-02  9.028748845E-03 -2.243713965E-02 -4.242758346E+01 
       255  9.215483558E-02  3.151749820E-02 -2.232368432E-02 -5.843164978E+01 
       256  9.433798383E-02 -3.497549543E-02 -2.228502676E-02 -3.532968578E+01 
       257  9.433444764E-02 -3.848249838E-02 -2.226496494E-02 -7.401677416E+00 
       258  9.433368934E-02 -1.568507483E-02 -2.226068137E-02 -3.716822888E+01 
       259  7.733039581E-02 -3.848249838E-02 -2.225620404E-02  1.281657733E+01 
       260  9.428574286E-02 -2.223643249E-02 -2.198876173E-02 -3.453369841E+01 
       261  9.426473388E-02 -7.974617863E-03 -2.186961730E-02 -3.920684490E+01 
       262  5.364320138E-02 -3.450506387E-02 -2.184426900E-02 -5.170676673E+01 
       263  5.733293099E-02 -3.848249838E-02 -2.173473793E-02 -1.988370186E+01 
       264  9.422491020E-02  5.465658719E-04 -2.164376293E-02 -4.112032688E+01 
       265  8.563427371E-02 -3.848249838E-02 -2.104651770E-02  2.030634349E+01 
       266  6.895341985E-02 -3.848249838E-02 -2.098320955E-02 -3.873429367E+00 
       267  9.402208775E-02 -3.050000034E-02 -2.049350180E-02 -2.716471930E+01 
       268  9.402208775E-02 -2.811550883E-02 -2.049350180E-02 -3.181294173E+01 
       269  9.402208775E-02 -2.241430672E-02 -2.049350180E-02 -3.442627815E+01 
       270  9.402208775E-02 -1.581188534E-02 -2.049350180E-02 -3.665282968E+01 
       271  9.402208775E-02 -8.034279350E-03 -2.049350180E-02 -3.849994346E+01 
       272  9.402208775E-02  5.480213781E-04 -2.049350180E-02 -4.034799333E+01 
       273  9.402208775E-02  9.085618044E-03 -2.049350180E-02 -4.174316946E+01 
       274  9.402208775E-02  1.675911797E-02 -2.049350180E-02 -4.224340829E+01 
       275  9.402208775E-02  2.335137051E-02 -2.049350180E-02 -4.300288344E+01 
       276  9.402208775E-02  2.904299604E-02 -2.049350180E-02 -4.314322264E+01 
       277  9.402208775E-02  3.151749820E-02 -2.049350180E-02 -5.169209794E+01 
       278  6.132322387E-02 -3.848249838E-02 -2.025644309E-02 -1.627992025E+01 
       279  7.836043627E-02 -3.848249838E-02 -1.995339711E-02  5.487957327E+00 
       280  9.026678467E-02 -3.848249838E-02 -1.940800767E-02  2.009068470E+01 
       281  5.315244641E-02 -3.050000034E-02 -1.906106047E-02 -3.560898883E+01 
       282  5.313249787E-02 -3.437843609E-02 -1.894792714E-02 -4.606645839E+01 
       283  8.331551153E-02 -3.848249838E-02 -1.892097180E-02  8.367527533E+00 
       284  5.298598995E-02 -3.848249838E-02 -1.811703260E-02 -4.158974697E+01 
       285  5.298444858E-02 -3.493813921E-02 -1.810829614E-02 -4.737945771E+01 
       286  9.356352379E-02 -3.050000034E-02 -1.789285461E-02 -2.090443791E+01 
       287  5.447276981E-02 -3.848249838E-02 -1.784586543E-02 -2.282245035E+01 
       288  9.354078491E-02 -3.411078277E-02 -1.776388976E-02 -2.964953438E+01 
       289  6.930416651E-02 -3.848249838E-02 -1.699917901E-02 -1.150085151E+01 
       290  9.102836816E-02 -3.848249838E-02 -1.635919492E-02  8.571283292E+00 
       291  7.649171880E-02 -3.848249838E-02 -1.630915090E-02 -6.358091890E+00 
       292  9.322702112E-02 -3.848249838E-02 -1.598444701E-02 -1.197591694E+01 
       293  9.322480898E-02 -3.503168945E-02 -1.597190228E-02 -3.056413001E+01 
       294  6.162097966E-02 -3.848249838E-02 -1.552876774E-02 -2.017154230E+01 
       295  5.252946142E-02 -3.449124936E-02 -1.552793171E-02 -3.496165995E+01 
       296  7.148092967E-02 -3.848249838E-02 -1.529726622E-02 -1.208486950E+01 
       297  8.448508119E-02 -3.848249838E-02 -1.466069441E-02 -1.987626524E+00 
       298  5.638291011E-02 -3.848249838E-02 -1.440928364E-02 -2.367921865E+01 
       299  6.367968940E-02 -3.848249838E-02 -1.385749612E-02 -1.899845769E+01 
       300  8.891646385E-02 -3.848249838E-02 -1.385426221E-02 -2.240351585E+00 
       301  5.216981428E-02 -3.050000034E-02 -1.348827896E-02 -2.731806028E+01 
       302  5.216266475E-02 -3.192804199E-02 -1.344772959E-02 -2.664891525E+01 
       303  7.860710332E-02 -3.848249838E-02 -1.236280911E-02 -1.164328613E+01 
       304  9.255227766E-02 -3.050000034E-02 -1.215778965E-02 -2.273901285E+01 
       305  9.254461791E-02 -3.398367580E-02 -1.211435056E-02 -2.883467651E+01 
       306  8.227828619E-02 -3.848249838E-02 -1.190205461E-02 -1.070290882E+01 
       307  5.186790561E-02 -3.763592566E-02 -1.177605950E-02 -3.487735388E+01 
       308  5.186732548E-02 -3.848249838E-02 -1.177276832E-02 -3.157925569E+01 
       309  5.500153581E-02 -3.848249838E-02 -1.122351538E-02 -2.449516295E+01 
       310  6.389549903E-02 -3.848249838E-02 -1.067743782E-02 -2.332409414E+01 
       311  8.996596403E-02 -3.848249838E-02 -1.021031641E-02 -1.023097070E+01 
       312  7.152970340E-02 -3.848249838E-02 -1.011075270E-02 -1.922383579E+01 
       313  9.214249465E-02 -3.848249838E-02 -9.833798733E-03 -2.200690176E+01 
       314  9.214125292E-02 -3.508778357E-02 -9.826754266E-03 -3.210623356E+01 
       315  5.577685241E-02 -3.848249838E-02 -9.211860883E-03 -2.563730328E+01 
       316  5.136623371E-02 -3.294476313E-02 -8.930944722E-03 -2.470762309E+01 
       317  5.136185906E-02 -3.556552173E-02 -8.906131495E-03 -2.924026710E+01 
       318  7.578411352E-02 -3.848249838E-02 -8.619400046E-03 -1.888005045E+01 
       319  8.357587962E-02 -3.848249838E-02 -8.239794747E-03 -1.734576016E+01 
       320  6.857454112E-02 -3.848249838E-02 -7.983722350E-03 -2.308099628E+01 
       321  5.119721080E-02 -3.050000034E-02 -7.972369752E-03 -2.262277980E+01 
       322  5.119601477E-02 -3.180459166E-02 -7.965586166E-03 -2.277741855E+01 
       323  8.789262373E-02 -3.848249838E-02 -7.641921386E-03 -1.709215980E+01 
       324  6.049001065E-02 -3.848249838E-02 -7.622337654E-03 -2.615553290E+01 
       325  9.150223265E-02 -3.050000034E-02 -6.202682566E-03 -2.994575852E+01 
       326  9.149707206E-02 -3.392129361E-02 -6.173419358E-03 -3.191426429E+01 
       327  7.672438767E-02 -3.848249838E-02 -6.029344596E-03 -2.258975524E+01 
       328  5.084540081E-02 -3.745987304E-02 -5.748418510E-03 -2.848181465E+01 
       329  5.085326808E-02 -3.848249838E-02 -5.733545659E-03 -2.737914351E+01 
       330  8.168760659E-02 -3.848249838E-02 -5.578298183E-03 -2.201513614E+01 
       331  5.326885258E-02 -3.848249838E-02 -5.362692906E-03 -2.480510573E+01 
       332  6.860294413E-02 -3.848249838E-02 -5.328303580E-03 -2.624923969E+01 
       333  9.123839267E-02 -3.459781477E-02 -4.706374034E-03 -3.388857431E+01 
       334  8.901784039E-02 -3.848249838E-02 -3.979050686E-03 -2.206774585E+01 
       335  9.104432348E-02 -3.848249838E-02 -3.605753082E-03 -2.936193362E+01 
       336  9.103930769E-02 -3.687353149E-02 -3.577307188E-03 -3.626943811E+01 
       337  6.113319632E-02 -3.848249838E-02 -3.564454475E-03 -2.771955672E+01 
       338  5.393779239E-02 -3.848249838E-02 -3.254450759E-03 -2.530054570E+01 
       339  5.051457483E-02 -3.315482197E-02 -3.140921465E-03 -2.148221156E+01 
       340  7.521591069E-02 -3.848249838E-02 -3.130087108E-03 -2.635707385E+01 
       341  5.049098202E-02 -3.509943340E-02 -3.003727716E-03 -2.450119111E+01 
       342  5.042944909E-02 -3.218416155E-02 -2.538436655E-03 -1.991148529E+01 
       343  5.050167719E-02 -3.050000034E-02 -2.527441337E-03 -1.976179272E+01 
       344  7.187344793E-02 -3.848249838E-02 -2.471648121E-03 -2.743055919E+01 
       345  8.278992701E-02 -3.848249838E-02 -2.225298682E-03 -2.567192952E+01 
       346  6.451950556E-02 -3.848249838E-02 -2.211426711E-03 -2.813078234E+01 
       347  8.708806139E-02 -3.848249838E-02 -1.656750036E-03 -2.607790591E+01 
       348  5.868947060E-02 -3.848249838E-02 -1.477403329E-03 -2.821243624E+01 
       349  8.145379567E-02 -3.848249838E-02 -2.871055235E-04 -2.832824072E+01 
       350  9.043138436E-02 -3.190347567E-02 -1.295958906E-04 -3.470035361E+01 
       351  9.042910393E-02 -3.050000034E-02 -1.166631932E-04 -3.463078255E+01 
       352  7.722434381E-02 -3.848249838E-02 -1.146547735E-04 -2.849972761E+01 
       353  5.193169296E-02 -3.848249838E-02  1.104640500E-04 -2.423547274E+01 
       354  5.032559655E-02 -3.710935662E-02  1.195935019E-04 -2.415303228E+01 
       355  5.040285676E-02 -3.848249838E-02  1.300211845E-04 -2.442096759E+01 
       356  5.842900828E-02 -3.848249838E-02  1.693670584E-03 -2.885623783E+01 
       357  7.046945661E-02 -3.848249838E-02  1.772540730E-03 -3.027126920E+01 
       358  8.797533259E-02 -3.848249838E-02  1.965122907E-03 -2.918906324E+01 
       359  6.574605613E-02 -3.848249838E-02  2.083173120E-03 -3.027606895E+01 
       360  8.983190229E-02 -3.695505079E-02  2.392567397E-03 -3.878157917E+01 
       361  8.982671485E-02 -3.848249838E-02  2.405332079E-03 -3.478679637E+01 
       362  5.061570613E-02 -3.219420779E-02  2.832865932E-03 -2.027600415E+01 
       363  5.068859831E-02 -3.050000034E-02  2.846975549E-03 -2.008512584E+01 
       364  5.368515045E-02 -3.848249838E-02  2.966609144E-03 -2.570122586E+01 
       365  8.240266855E-02 -3.848249838E-02  3.084951603E-03 -3.103330792E+01 
       366  5.070597610E-02 -3.504316261E-02  3.364739319E-03 -2.296066363E+01 
       367  7.612455233E-02 -3.848249838E-02  3.384419599E-03 -3.136167238E+01 
       368  5.076703824E-02 -3.327500620E-02  3.487473754E-03 -2.174508686E+01 
       369  8.962277353E-02 -3.463709450E-02  3.644580780E-03 -3.867909961E+01 
       370  6.474223085E-02 -3.848249838E-02  3.650986887E-03 -3.150972499E+01 
       371  6.004024522E-02 -3.848249838E-02  3.833912150E-03 -3.045084516E+01 
       372  8.588923448E-02 -3.848249838E-02  4.144629948E-03 -3.163940810E+01 
       373  7.281979192E-02 -3.848249838E-02  4.651291114E-03 -3.211105185E+01 
       374  8.921920113E-02 -3.419737467E-02  4.976772893E-03 -4.091332524E+01 
       375  5.304286377E-02 -3.848249838E-02  5.316883465E-03 -2.607898250E+01 
       376  7.961281553E-02 -3.848249838E-02  5.796719633E-03 -3.266961742E+01 
       377  5.127900381E-02 -3.848249838E-02  5.857769830E-03 -2.643063440E+01 
       378  8.893730764E-02 -3.050000034E-02  5.863720773E-03 -4.029016712E+01 
       379  5.124722172E-02 -3.740622107E-02  5.864174684E-03 -2.652304377E+01 
       380  8.885200780E-02 -3.218158656E-02  5.957569714E-03 -4.148312847E+01 
       381  5.898886199E-02 -3.848249838E-02  6.528134287E-03 -3.124605336E+01 
       382  7.232915000E-02 -3.848249838E-02  6.735208140E-03 -3.431742512E+01 
       383  6.571785889E-02 -3.848249838E-02  7.086944751E-03 -3.342837896E+01 
       384  7.976336298E-02 -3.848249838E-02  7.186754569E-03 -3.504480976E+01 
       385  8.628534097E-02 -3.848249838E-02  7.229740742E-03 -3.451195572E+01 
       386  5.491380618E-02 -3.848249838E-02  7.347761057E-03 -2.886125103E+01 
       387  8.798681858E-02 -3.848249838E-02  7.985711130E-03 -4.058409106E+01 
       388  8.806570870E-02 -3.697518354E-02  8.008190269E-03 -4.546479932E+01 
       389  5.222627174E-02 -3.050000034E-02  8.061149066E-03 -2.621476045E+01 
       390  5.216265911E-02 -3.177488306E-02  8.071214545E-03 -2.578000181E+01 
       391  6.913566280E-02 -3.848249838E-02  8.542934397E-03 -3.472021426E+01 
       392  8.417392554E-02 -3.848249838E-02  8.993701595E-03 -3.647684910E+01 
       393  6.033391142E-02 -3.848249838E-02  9.273633344E-03 -3.326043147E+01 
       394  5.277406693E-02 -3.545313801E-02  9.347561369E-03 -3.069122352E+01 
       395  5.282491657E-02 -3.339838064E-02  9.367292488E-03 -3.048560638E+01 
       396  7.813071720E-02 -3.848249838E-02  9.546556456E-03 -3.678795331E+01 
       397  6.319978090E-02 -3.848249838E-02  9.875105639E-03 -3.432884807E+01 
       398  7.529248994E-02 -3.848249838E-02  1.006975383E-02 -3.632022753E+01 
       399  5.457893816E-02 -3.848249838E-02  1.065396011E-02 -3.110699247E+01 
       400  8.659123558E-02 -3.565626237E-02  1.086560508E-02 -4.799356465E+01 
       401  5.385048231E-02 -3.848249838E-02  1.115745081E-02 -3.530941298E+01 
       402  8.629666132E-02 -3.183337705E-02  1.115756676E-02 -4.570299617E+01 
       403  8.628439508E-02 -3.050000034E-02  1.116257065E-02 -4.583767706E+01 
       404  5.383254724E-02 -3.753562530E-02  1.116861820E-02 -3.845425651E+01 
       405  8.608761830E-02 -3.246825206E-02  1.147299985E-02 -4.766280957E+01 
       406  8.395291873E-02 -3.848249838E-02  1.205903649E-02 -3.902907147E+01 
       407  5.804659011E-02 -3.848249838E-02  1.206460743E-02 -3.406895569E+01 
       408  6.909402792E-02 -3.848249838E-02  1.209572898E-02 -3.685822972E+01 
       409  6.387117845E-02 -3.848249838E-02  1.225341891E-02 -3.639042441E+01 
       410  7.442955158E-02 -3.848249838E-02  1.244932969E-02 -3.844219104E+01 
       411  5.524651829E-02 -3.050000034E-02  1.276389189E-02 -3.748986905E+01 
       412  5.519269779E-02 -3.165424262E-02  1.278694081E-02 -3.764873450E+01 
       413  8.490301490E-02 -3.848249838E-02  1.287909015E-02 -4.643226893E+01 
       414  8.492878645E-02 -3.805497253E-02  1.289855838E-02 -5.177617611E+01 
       415  8.050233615E-02 -3.848249838E-02  1.324567526E-02 -4.000450161E+01 
       416  6.691759015E-02 -3.848249838E-02  1.345578839E-02 -3.772165744E+01 
       417  7.151400592E-02 -3.848249838E-02  1.359504038E-02 -3.860863182E+01 
       418  5.634116354E-02 -3.338089430E-02  1.402673079E-02 -4.294984079E+01 
       419  5.630986988E-02 -3.552700248E-02  1.405176313E-02 -4.439749994E+01 
       420  5.873191610E-02 -3.848249838E-02  1.458574138E-02 -3.685196551E+01 
       421  8.330879225E-02 -3.307364436E-02  1.467289247E-02 -4.913260108E+01 
       422  8.308295421E-02 -3.581091696E-02  1.488789231E-02 -5.226393121E+01 
       423  6.170958201E-02 -3.848249838E-02  1.492073651E-02 -3.865012981E+01 
       424  7.960912605E-02 -3.848249838E-02  1.533164028E-02 -4.130296965E+01 
       425  8.215379615E-02 -3.048425595E-02  1.546789718E-02 -4.763704628E+01 
       426  8.218131189E-02 -3.157436436E-02  1.552248835E-02 -4.855643315E+01 
       427  5.797761654E-02 -3.848249838E-02  1.554292589E-02 -4.627289988E+01 
       428  5.796454331E-02 -3.763851345E-02  1.556001584E-02 -5.262901610E+01 
       429  7.671351819E-02 -3.848249838E-02  1.559401086E-02 -4.095178695E+01 
       430  5.968134659E-02 -3.046649352E-02  1.655795793E-02 -4.781003000E+01 
       431  5.962808326E-02 -3.159774556E-02  1.659839238E-02 -4.836843050E+01 
       432  8.046334870E-02 -3.848249838E-02  1.669309696E-02 -4.842469141E+01 
       433  8.048983002E-02 -3.753629099E-02  1.673298197E-02 -5.292329581E+01 
       434  6.678146132E-02 -3.848249838E-02  1.678676832E-02 -4.069052890E+01 
       435  7.139823189E-02 -3.848249838E-02  1.703214378E-02 -4.064516057E+01 
       436  6.042000330E-02 -3.581873234E-02  1.726386301E-02 -5.480843306E+01 
       437  6.079357061E-02 -3.307052513E-02  1.738041672E-02 -5.099433178E+01 
       438  7.882743835E-02 -3.331045861E-02  1.763730668E-02 -4.695462730E+01 
       439  7.878790958E-02 -3.564642145E-02  1.768764956E-02 -4.936811678E+01 
       440  6.345126861E-02 -3.848249838E-02  1.795608362E-02 -4.053135761E+01 
       441  7.485079458E-02 -3.848249838E-02  1.829783924E-02 -4.144589387E+01 
       442  7.693176983E-02 -3.041630524E-02  1.835183364E-02 -4.548590027E+01 
       443  6.919296309E-02 -3.848249838E-02  1.848642725E-02 -4.127172820E+01 
       444  6.325759203E-02 -3.848249838E-02  1.848695905E-02 -5.193071727E+01 
       445  6.453305520E-02 -3.255462841E-02  1.886177556E-02 -5.179361841E+01 
       446  6.514443785E-02 -3.038290908E-02  1.893640741E-02 -5.062280171E+01 
       447  6.511855928E-02 -3.180420462E-02  1.898646099E-02 -5.127631762E+01 
       448  7.504502319E-02 -3.848249838E-02  1.904365043E-02 -4.765811284E+01 
       449  7.505463804E-02 -3.734317308E-02  1.906838213E-02 -5.047457884E+01 
       450  6.506192223E-02 -3.611840488E-02  1.916388700E-02 -5.601464197E+01 
       451  7.406103629E-02 -3.301972690E-02  1.929938743E-02 -4.490237345E+01 
       452  7.365969478E-02 -3.585179872E-02  1.940315614E-02 -4.847893306E+01 
       453  7.108276180E-02 -3.034847257E-02  1.955756034E-02 -4.686483862E+01 
       454  6.913644705E-02 -3.848249838E-02  1.966894095E-02 -5.020588117E+01 
       455  6.913752521E-02 -3.706325339E-02  1.968180506E-02 -5.596694394E+01 
       456  6.905698356E-02 -3.276541778E-02  1.969742616E-02 -4.902215815E+01 
       457  6.968432776E-02 -3.636595141E-02  1.971071854E-02 -4.997766254E+01 
